0 -43 -32 -31 -48 26 45 -54 -72 -121 -146 -199 -202 -231 -178 -179 -121 -111 -111 -51 -78 -222 -230 -247 -186 -201 -198 -154 -198 -284 -201 -236 -206 -143 -130 -125 -164 -148 -146 -199 -206 -216 -254 -180 -273 -284 -289 -386 -387 -395 -358 -307 -268 -316 -285 -277 -302 -238 -168 -151
-182 -216 -212 -191 -277 -179 -214 -182 -217 -253 -210 -209 -273 -290 -274 -282 -337 -264 -194 -210 -168 -178 -127 -190 -165 -83 -136 -127 -204 -174 -123 -248 -186 -187 -171 -108 -93 -67 -137 -164 -76 58 233 305 354 291 384 187 125 78 -92 -157 -204 -197 -206 -247 -244 -251 -295 -185
-133 -192 -332 -539 -637 -708 -804 -782 -780 -788 -701 -628 -472 -364 -369 -372 -378 -383 -293 -348 -246 -300 -290 -303 -389 -463 -508 -574 -469 -383 -362 -428 -460 -460 -431 -450 -491 -596 -516 -489 -518 -578 -540 -607 -559 -556 -545 -518 -491 -410 -309 -308 -358 -343 -312 -240 -369 -296 -246 -251
-289 -277 -272 -226 -263 -254 -260 -155 -110 -104 -159 -172 -167 -114 -125 -71 -127 -166 -124 -169 -143 -153 -160 -244 -273 -224 -93 -51 -52 0 65 22 -57 -9 28 37 79 104 143 151 150 88 117 165 82 0 -15 13 5 -27 -90 -80 -109 -217 -273 -330 -236 -345 -307 -305
-276 -308 -258 -136 2 102 222 318 386 427 410 322 253 143 -24 44 122 117 63 83 1 41 84 83 93 68 163 231 247 370 437 437 393 326 391 363 322 297 274 266 193 150 157 56 161 185 145 103 136 149 108 162 202 202 220 196 239 239 157 196
279 279 312 326 343 416 326 427 434 471 439 445 362 358 365 322 311 313 319 420 448 464 533 586 581 640 633 534 523 483 539 529 554 539 521 533 566 446 402 419 439 493 489 482 491 449 438 342 207 110 143 66 70 79 229 297 391 483 582 645
590 602 515 479 525 490 407 367 377 341 333 414 352 278 300 320 294 304 272 265 278 332 352 396 413 367 398 415 435 410 410 370 315 276 316 366 438 432 432 385 374 379 437 493 487 475 517 514 465 495 531 493 504 505 513 471 497 518 630 655
545 551 542 548 584 665 625 679 641 611 657 606 560 604 557 593 587 614 564 564 584 622 678 583 582 719 685 687 673 705 739 750 721 889 964 1012 1040 1144 1252 1085 1143 958 892 760 631 666 663 731 721 730 720 711 707 689 765 810 901 968 956 1005
1066 1035 1087 1088 1054 983 816 829 783 794 776 594 470 362 282 294 270 294 376 430 514 636 720 711 721 709 734 730 686 743 788 795 774 765 721 758 735 771 805 777 810 812 832 846 799 789 763 796 886 934 994 1002 1002 1059 1118 1154 1179 1136 1088 1067
1039 1023 1088 1086 1080 1054 1075 1110 1061 1142 1146 1060 1103 1054 1092 1083 1019 983 992 918 980 971 940 940 887 887 886 967 993 1017 1070 1016 941 945 964 1040 1054 1096 1237 1199 1198 1116 1052 1124 1100 1170 1249 1266 1255 1269 1226 1229 1169 1133 1058 1066 1121 1191 1241 1255
1255 1250 1216 1262 1342 1340 1271 1252 1262 1359 1310 1288 1377 1375 1434 1336 1333 1316 1431 1543 1428 1381 1438 1440 1414 1423 1331 1388 1405 1414 1463 1447 1489 1519 1503 1451 1408 1483 1483 1408 1473 1449 1611 1740 1868 1948 1987 2067 2022 1939 1904 1909 1728 1494 1505 1529 1513 1505 1601 1668
1600 1562 1542 1611 1715 1684 1686 1637 1721 1658 1597 1629 1623 1697 1713 1738 1759 1771 1723 1707 1715 1799 1864 1847 1889 1939 1887 1850 1860 1737 1524 1501 1490 1476 1478 1536 1609 1707 1808 1973 2064 2048 2032 2015 2056 2066 2068 2054 2065 2129 2154 2236 2160 2208 2182 2163 2105 2127 2228 2175
2091 2147 2269 2281 2309 2375 2359 2373 2328 2352 2347 2353 2394 2462 2497 2513 2394 2310 2309 2270 2270 2305 2281 2310 2432 2456 2554 2606 2588 2615 2578 2517 2650 2660 2624 2576 2637 2573 2518 2464 2408 2379 2424 2490 2612 2562 2513 2509 2447 2463 2373 2355 2348 2416 2360 2345 2366 2387 2381 2384
2421 2443 2427 2473 2455 2492 2438 2417 2515 2606 2738 2910 2931 2910 2934 2898 2774 2658 2619 2419 2411 2438 2427 2419 2400 2406 2417 2393 2438 2406 2476 2519 2532 2543 2511 2498 2527 2591 2632 2658 2708 2748 2674 2732 2719 2734 2753 2733 2741 2794 2841 2805 2850 2835 2817 2829 2786 2793 2837 2852
2873 2899 2937 2953 2933 2943 2873 2896 2941 2958 2974 2904 2899 2945 2955 2946 2953 2756 2604 2552 2523 2469 2461 2473 2458 2505 2675 2824 2962 3005 3008 3042 3029 3109 3133 3159 3127 3043 2974 2931 2884 2933 2961 3007 2988 2991 3011 3051 2967 3023 3095 3130 3167 3274 3272 3195 3202 3258 3257 3236
3250 3280 3323 3254 3204 3204 3251 3315 3222 3179 3064 3090 3197 3113 3125 3139 3114 3153 3090 3154 3157 3123 3093 3162 3193 3156 3199 3181 3197 3323 3387 3308 3327 3260 3257 3289 3299 3316 3375 3377 3452 3432 3614 3529 3618 3602 3571 3592 3527 3458 3368 3332 3408 3442 3476 3577 3620 3652 3631 3646
3692 3645 3680 3696 3596 3628 3682 3699 3725 3729 3679 3619 3784 3899 4111 4281 4306 4316 4287 4218 4157 4015 3920 3813 3850 3809 3814 3799 3808 3782 3830 3798 3880 3990 4087 4091 4096 4119 4052 4011 4004 4065 3976 3928 3890 3848 3814 3827 3861 3949 3939 4040 3991 3929 3992 3962 4011 4019 3916 3978
4032 3926 3780 3682 3536 3487 3489 3484 3442 3547 3698 3789 3940 3986 3947 4017 4015 3969 3898 3950 3856 3955 3873 3971 4011 4020 4046 4008 3965 3959 3992 3965 3915 3855 3901 3898 3907 3915 3915 3954 4068 4143 4151 4078 4122 4112 4148 4114 4052 4121 4042 4059 4071 4114 4084 3994 3883 3955 3956 4006
3937 3908 3898 3924 3981 3952 3982 3965 3976 4028 3965 4007 3999 4002 3988 3959 4080 4070 4064 4075 4122 4112 4135 4185 4188 4147 4154 4163 4137 4126 4151 4253 4298 4272 4222 4149 4109 4063 4019 4027 3997 4025 4066 4107 4132 4090 4092 4055 4031 3983 4020 4090 4127 4165 4135 4200 4272 4252 4248 4287
4301 4326 4325 4389 4368 4394 4426 4373 4570 4721 4798 4904 5056 5110 5027 4951 4887 4728 4674 4586 4548 4607 4678 4696 4799 4732 4771 4816 4826 4772 4730 4675 4706 4735 4805 4798 4799 4789 4879 4903 4883 4918 4961 4914 4899 4915 4911 4888 4814 4855 4858 4892 4939 4990 5074 5135 5125 5121 5015 5042
5136 5078 5094 5137 5140 5196 5227 5148 5146 5174 5227 5318 5319 5310 5329 5360 5324 5340 5306 5290 5210 5230 5253 5247 5275 5226 5314 5316 5319 5322 5392 5425 5370 5336 5262 5292 5348 5425 5408 5444 5429 5389 5233 5038 4978 4871 4919 4881 4871 4905 4932 4941 5086 5158 5218 5282 5257 5195 5234 5365
5460 5475 5484 5502 5517 5548 5561 5515 5474 5508 5593 5638 5574 5651 5666 5649 5652 5607 5668 5632 5675 5677 5739 5819 5689 5701 5730 5761 5787 5789 5828 5828 5865 5880 5898 5985 5940 5963 5994 6006 5989 6001 6134 6117 6108 6031 6008 6071 6040 5976 5946 5945 5919 5905 5880 5913 5950 5962 6005 6054
6011 6022 5983 6180 6280 6375 6489 6568 6615 6639 6583 6449 6345 6236 6140 6083 6117 6089 6060 6112 6049 6059 6119 6072 6054 6053 6042 6071 6040 5991 5996 6039 6022 6020 5996 6027 5997 5937 5874 5985 5931 5966 5890 5869 5965 6103 6216 6211 6193 6232 6267 6298 6277 6248 6248 6275 6250 6215 6197 6230
6212 6233 6246 6271 6279 6250 6181 6143 6162 6181 6249 6223 6290 6315 6370 6341 6385 6438 6484 6586 6661 6656 6721 6710 6751 6745 6779 6786 6825 6816 6763 6781 6786 6764 6711 6709 6771 6762 6840 6773 6822 6841 6866 6745 6714 6718 6650 6521 6425 6450 6434 6402 6357 6424 6483 6544 6624 6750 6715 6691
6691 6690 6707 6758 6725 6795 6848 6850 6882 6924 6952 6950 7002 7061 7044 7033 7033 6990 6973 7032 7010 7025 7055 7010 7026 7006 7114 7159 7108 7154 7166 7215 7188 7160 7115 7221 7191 7191 7235 7235 7176 7221 7280 7373 7344 7329 7327 7315 7364 7287 7292 7273 7232 7215 7267 7306 7362 7399 7398 7398
7463 7467 7498 7523 7521 7499 7582 7562 7548 7636 7686 7712 7785 7866 7974 7990 8107 8105 8150 8145 8011 7977 7806 7711 7711 7773 7779 7803 7795 7762 7863 7927 7925 7967 7981 7977 7975 8050 8079 8064 8004 8010 7969 7938 7985 7946 8031 8061 8091 8074 7999 7956 7974 8018 8106 8239 8344 8332 8378 8390
8415 8472 8522 8570 8586 8582 8621 8663 8710 8612 8605 8556 8551 8548 8627 8702 8671 8624 8536 8432 8310 8257 8286 8273 8368 8385 8506 8602 8706 8835 8795 8798 8805 8752 8789 8844 8771 8732 8738 8813 8858 8780 8810 8827 8815 8854 8793 8710 8706 8731 8727 8721 8757 8762 8774 8798 8820 8813 8785 8801
8745 8759 8743 8686 8659 8667 8690 8638 8661 8675 8640 8619 8557 8584 8553 8576 8656 8716 8672 8546 8525 8448 8453 8362 8322 8297 8274 8209 8225 8234 8172 8203 8206 8210 8247 8294 8220 8245 8223 8194 8303 8342 8367 8369 8343 8426 8316 8336 8244 8363 8436 8353 8381 8292 8375 8428 8369 8358 8447 8327
8376 8375 8284 8341 8395 8425 8425 8339 8468 8698 8770 8919 9018 9042 9045 8955 8855 8800 8656 8477 8406 8458 8391 8343 8453 8496 8461 8411 8443 8421 8461 8379 8504 8462 8519 8479 8471 8496 8488 8476 8577 8603 8512 8465 8473 8487 8474 8474 8442 8433 8382 8360 8295 8340 8322 8315 8288 8295 8318 8287
8305 8310 8210 8314 8299 8339 8376 8384 8359 8296 8413 8389 8444 8446 8467 8476 8512 8445 8516 8536 8595 8586 8541 8538 8579 8569 8645 8624 8614 8630 8556 8554 8544 8503 8575 8600 8650 8510 8381 8284 8249 8164 8197 8239 8288 8390 8506 8582 8632 8628 8659 8640 8661 8681 8627 8663 8578 8570 8581 8578
8588 8546 8540 8615 8657 8610 8701 8698 8742 8723 8782 8785 8806 8805 8810 8854 8812 8914 8921 8924 8936 8890 8805 8779 8745 8670 8560 8509 8447 8447 8506 8530 8460 8459 8439 8463 8546 8541 8619 8519 8461 8390 8427 8366 8331 8389 8396 8378 8346 8334 8382 8312 8300 8272 8274 8304 8339 8302 8251 8254
8252 8203 8243 8278 8294 8329 8415 8389 8281 8272 8254 8247 8230 8275 8213 8262 8263 8268 8254 8326 8272 8301 8402 8452 8505 8581 8555 8500 8446 8311 8249 8078 7988 8021 8034 8090 8064 7997 8059 8071 8107 8151 8071 8045 8023 8040 8123 8085 8085 8089 8056 8067 8179 8160 8151 8082 8125 8132 8106 8033
7988 7915 7954 7835 7717 7672 7585 7599 7535 7562 7571 7685 7766 7933 8081 8084 8031 8016 8016 8081 8046 8062 8099 8097 8129 8121 8182 8203 8224 8346 8338 8431 8417 8292 8420 8535 8433 8412 8356 8395 8492 8512 8542 8417 8397 8460 8481 8534 8496 8506 8534 8541 8521 8584 8607 8615 8583 8719 8699 8704
8728 8704 8779 8785 8766 8746 8772 8809 8753 8742 8783 8729 8762 8811 8811 8860 8865 8883 8841 8876 8853 8863 8863 8951 8868 8876 8826 8768 8763 8832 8914 8879 8959 8913 8944 8863 8808 8862 8822 8854 8960 8953 8994 9050 9076 9076 9129 9117 9062 9117 9080 8995 9005 8995 9053 9045 9065 9062 9052 9113
9135 9159 9188 9163 9225 9235 9238 9244 9291 9259 9210 9280 9337 9331 9444 9498 9522 9497 9608 9573 9553 9579 9578 9622 9743 9746 9737 9785 9906 9925 9979 9988 10004 9914 9972 9969 10079 10221 10399 10468 10467 10525 10533 10470 10392 10363 10233 10088 10122 10177 10175 10173 10174 10195 10195 10212 10219 10282 10242 10266
10325 10325 10254 10306 10409 10494 10460 10446 10464 10492 10494 10351 10162 10025 9974 9930 9968 9959 10012 10063 10185 10358 10501 10508 10501 10521 10500 10424 10353 10356 10317 10320 10323 10338 10232 10240 10152 10100 10082 10084 10075 10137 10121 10091 10015 9993 10087 10174 10142 10286 10288 10197 10147 10109 10057 10101 10126 10137 10102 10153
10104 10103 10073 10069 10076 10088 10187 10231 10195 10269 10286 10233 10233 10259 10228 10234 10204 10271 10273 10313 10263 10263 10197 10113 10114 10054 10027 10052 10071 10181 10258 10211 10231 10241 10256 10249 10255 10229 10329 10203 10198 10210 10172 10098 10093 10100 10131 10072 10056 10036 10027 10022 10020 10096 10175 10227 10227 10230 10236 10267
10228 10273 10297 10315 10322 10298 10287 10349 10418 10409 10388 10449 10391 10428 10365 10359 10248 10303 10326 10383 10323 10322 10354 10400 10415 10371 10306 10258 10192 10160 10159 10088 10099 10119 10232 10304 10275 10336 10438 10590 10635 10723 10702 10693 10715 10695 10709 10723 10589 10427 10398 10395 10448 10510 10491 10431 10400 10386 10428 10451
10429 10421 10443 10449 10538 10529 10467 10514 10533 10600 10630 10479 10481 10482 10389 10327 10384 10433 10455 10383 10402 10449 10400 10396 10255 10154 10115 10064 10087 10111 10186 10321 10400 10530 10656 10748 10720 10718 10721 10718 10718 10724 10817 10792 10794 10849 10847 10832 10859 10958 10968 10975 10964 10964 10945 10911 10894 11000 10982 10992
11018 11050 11077 11109 11093 11164 11120 11012 11038 10970 10890 10938 10983 11018 11054 11152 11188 11126 11126 11161 11107 11131 11175 11252 11359 11343 11435 11482 11462 11516 11594 11588 11503 11548 11576 11572 11509 11489 11453 11376 11395 11410 11380 11380 11321 11338 11372 11427 11374 11401 11496 11495 11541 11578 11648 11561 11571 11580 11485 11493
11513 11507 11642 11648 11677 11675 11641 11663 11628 11597 11576 11603 11549 11607 11603 11663 11631 11623 11596 11623 11618 11599 11692 11802 11795 11850 11883 11913 11913 11832 11822 11806 11818 11940 11991 11957 11916 11933 11921 11865 11937 11912 11836 11722 11824 11960 12155 12256 12332 12461 12448 12348 12269 12266 12230 12169 12091 12165 12180 12188
12289 12226 12274 12300 12346 12401 12373 12494 12429 12456 12475 12450 12409 12464 12475 12458 12556 12485 12527 12625 12626 12631 12573 12574 12418 12304 12255 12108 12072 12102 12080 12196 12230 12412 12676 12721 12597 12628 12682 12693 12727 12774 12818 12762 12802 12854 12890 12844 12945 12938 13008 13057 13052 12973 12940 12933 13031 13054 13060 13095
13091 13049 12983 12951 12972 12962 12999 13052 13119 13201 13197 13251 13310 13340 13304 13376 13350 13453 13417 13456 13444 13428 13485 13486 13553 13570 13593 13624 13686 13667 13550 13611 13727 13732 13734 13753 13771 13823 13867 13867 13972 13983 14036 14086 14118 14078 14061 14027 14001 13999 14003 13971 13963 13980 13984 14052 14069 14104 14104 14113
14111 14130 14175 14199 14180 14141 14118 14062 14073 14145 14121 14185 14162 14168 14160 14127 14128 14126 14178 14164 14159 14220 14254 14286 14316 14295 14241 14323 14373 14364 14342 14395 14357 14398 14410 14399 14515 14580 14617 14637 14606 14620 14606 14595 14645 14766 14927 15031 15137 15220 15216 15253 15205 15194 15047 15017 14982 15009 15057 15093
15130 15138 15119 15066 15073 15222 15262 15266 15296 15261 15331 15304 15292 15265 15283 15242 15166 15082 14919 14788 14745 14708 14755 14823 14812 14874 14997 15151 15102 15105 15079 15063 15138 15166 15184 15206 15226 15166 15174 15174 15187 15102 15119 15004 15054 14984 15008 14975 14941 14962 15002 15000 15077 15133 15176 15238 15256 15208 15262 15262
15196 15230 15264 15244 15191 15152 15083 15078 15063 15130 15159 15147 15136 15092 15087 15021 15068 14987 14975 15026 15079 15109 15082 15117 15123 15089 15114 15172 15165 15229 15174 15087 15005 14999 15004 14958 14935 14957 14968 14937 14872 14888 14857 14900 14853 14844 14856 14807 14822 14876 14930 14941 14838 14777 14806 14819 14893 14902 15023 15059
15132 15188 15149 15143 15117 15166 15146 15179 15223 15204 15189 15154 15212 15362 15342 15293 15430 15597 15679 15724 15824 15883 15902 15772 15704 15471 15336 15141 15188 15190 15174 15205 15242 15350 15390 15406 15369 15324 15385 15427 15381 15372 15415 15442 15296 15304 15329 15340 15355 15391 15333 15344 15416 15474 15513 15510 15531 15506 15521 15524
15539 15522 15581 15533 15534 15551 15587 15666 15591 15533 15490 15340 15241 15199 15193 15177 15082 15065 15087 15206 15311 15478 15615 15594 15598 15644 15702 15773 15814 15767 15735 15718 15692 15677 15724 15802 15814 15836 15786 15838 15815 15792 15839 15889 15924 15947 15984 15900 15930 15835 15876 15934 15820 15790 15822 15815 15877 15797 15814 15842
15898 15929 15912 15887 15851 15841 15811 15720 15799 15829 15850 15853 15885 15965 15939 15917 15857 15967 15946 16021 16005 16053 16085 16056 16045 16025 15918 15935 15971 15929 15882 15853 15866 15918 15910 15918 15947 15956 16045 16147 16142 16145 16119 16145 16231 16253 16307 16379 16443 16379 16348 16310 16259 16181 16205 16165 16136 16102 16045 16058
16110 16117 16096 16144 16166 16313 16470 16627 16792 16819 16844 16909 16887 16804 16735 16783 16654 16754 16777 16813 16820 16828 16855 16982 17057 17109 17074 17103 17056 17035 17004 16823 16789 16706 16711 16780 16728 16626 16568 16523 16492 16520 16625 16550 16575 16540 16549 16518 16528 16532 16498 16449 16551 16579 16566 16588 16513 16514 16588 16664
16604 16613 16599 16512 16430 16429 16445 16455 16573 16577 16632 16579 16598 16574 16490 16646 16627 16633 16653 16711 16706 16716 16720 16727 16794 16832 16879 16893 16930 16935 16963 17015 17075 17144 17116 17073 17063 17055 17069 16986 16938 16947 16956 16893 16842 16796 16676 16585 16499 16409 16376 16418 16432 16561 16773 16866 16972 16955 16901 16911
16972 17005 17082 17152 17080 17103 17115 17117 17093 17054 17041 17041 17118 17115 17176 17152 17175 17178 17239 17297 17353 17321 17417 17453 17465 17401 17418 17431 17374 17305 17400 17442 17468 17432 17373 17463 17598 17551 17431 17519 17484 17558 17564 17599 17555 17638 17681 17710 17678 17693 17719 17731 17763 17717 17714 17715 17756 17777 17811 17860
17949 17879 17865 17932 17879 18008 18001 17971 17922 17910 17937 17909 18011 18056 18196 18373 18484 18570 18625 18656 18613 18575 18498 18423 18317 18172 18245 18229 18282 18365 18323 18375 18413 18397 18360 18401 18406 18440 18419 18417 18453 18430 18479 18568 18549 18528 18561 18518 18525 18441 18420 18310 18298 18371 18352 18295 18294 18309 18275 18235
18307 18348 18354 18411 18385 18386 18442 18429 18448 18397 18339 18404 18480 18477 18556 18616 18566 18485 18440 18512 18399 18338 18207 18134 18103 18177 18215 18237 18291 18459 18545 18669 18736 18753 18745 18679 18699 18715 18777 18774 18828 18955 18949 18909 18883 18800 18819 18766 18724 18675 18627 18611 18630 18664 18648 18559 18552 18625 18683 18713
18740 18740 18795 18838 18847 18874 18951 18975 19001 18987 18944 18988 18989 18983 19026 19066 19024 18993 19093 19070 18970 18885 18864 18884 18847 18914 18884 18877 18897 18868 18915 18861 18861 18846 18847 18924 18884 18859 18859 18827 18862 18827 18772 18808 18821 18744 18759 18695 18696 18726 18714 18743 18810 18854 18785 18783 18759 18766 18767 18775
18761 18778 18774 18803 18735 18817 18808 18792 18780 18762 18768 18719 18683 18713 18635 18570 18673 18798 18879 18893 18973 18980 18902 18823 18766 18626 18505 18456 18487 18469 18421 18423 18472 18433 18448 18425 18478 18462 18563 18560 18455 18475 18449 18472 18399 18434 18441 18439 18418 18466 18548 18591 18623 18651 18650 18591 18535 18511 18459 18388
18397 18320 18401 18454 18471 18355 18370 18321 18377 18330 18430 18367 18418 18439 18497 18465 18302 18197 18162 18118 18025 17991 18097 18153 18315 18536 18629 18728 18695 18731 18598 18597 18590 18563 18618 18621 18576 18533 18489 18503 18522 18576 18628 18565 18597 18526 18621 18704 18631 18696 18592 18545 18513 18481 18519 18466 18458 18536 18533 18556
18585 18629 18699 18749 18693 18676 18680 18746 18697 18648 18659 18593 18606 18497 18459 18435 18447 18429 18439 18491 18481 18491 18496 18433 18430 18389 18346 18472 18489 18561 18593 18666 18582 18545 18494 18483 18518 18573 18593 18595 18656 18665 18616 18656 18686 18675 18686 18636 18648 18595 18679 18693 18712 18581 18591 18506 18497 18590 18612 18652
18654 18660 18661 18696 18742 18718 18734 18818 18756 18708 18743 18756 18738 18743 18794 18719 18726 18749 18712 18680 18740 18771 18772 18781 18714 18668 18667 18602 18742 18958 19066 19159 19340 19416 19294 19268 19171 19024 18995 18899 18961 18892 18929 18845 18824 18930 18972 19010 19003 18970 18936 18900 18858 18858 18915 18916 18845 18902 18903 18948
18902 18987 19003 18962 18959 18973 19009 19013 19035 19091 19106 19153 19147 19169 19112 19168 19194 19169 18978 18887 18799 18669 18563 18555 18603 18613 18688 18831 18945 19126 19126 19064 18998 18985 18882 18887 18903 18918 18892 18969 19003 19017 19040 19005 18998 19035 19025 18956 18964 18976 19000 18965 18955 18941 18882 18900 18904 18875 18777 18766
18774 18785 18776 18847 18857 18911 18907 18901 18976 19016 19071 19064 19064 19130 19190 19192 19115 19148 19148 19201 19328 19316 19279 19196 19159 19180 19194 19209 19245 19316 19349 19437 19369 19387 19372 19355 19450 19426 19500 19528 19538 19531 19548 19532 19509 19544 19655 19633 19643 19661 19714 19789 19773 19706 19643 19685 19775 19772 19739 19827
19788 19830 19801 19828 19864 19805 19918 19889 19929 19957 19962 19994 19994 20037 20000 20006 20060 20120 20120 20128 20158 20185 20176 20142 20209 20210 20290 20271 20306 20241 20275 20328 20375 20359 20329 20393 20440 20284 20327 20247 20203 20361 20526 20548 20694 20603 20637 20533 20466 20361 20199 20103 20048 20031 20011 19985 20071 20088 20090 20099
20022 20019 20035 20043 20108 20161 20087 20097 20066 20024 20026 19986 19960 19935 19979 20045 20043 20059 20090 20080 20088 20104 19924 19827 19724 19664 19597 19532 19573 19640 19837 19919 19985 20080 20060 20090 20102 20114 20120 20167 20146 20242 20289 20247 20223 20254 20259 20185 20160 20154 20173 20162 20143 20075 20103 20048 20076 20076 20059 20053
20157 20186 20143 20177 20260 20215 20210 20230 20254 20159 20191 20241 20261 20246 20316 20286 20233 20231 20329 20315 20351 20407 20370 20312 20319 20384 20516 20507 20544 20518 20450 20525 20544 20549 20588 20598 20586 20576 20553 20596 20587 20629 20644 20574 20596 20627 20615 20561 20603 20698 20681 20654 20544 20531 20501 20571 20574 20527 20528 20538
20510 20549 20515 20533 20501 20447 20508 20515 20583 20574 20514 20519 20477 20577 20568 20604 20628 20654 20617 20491 20571 20556 20529 20557 20563 20611 20670 20726 20791 20858 20896 20894 20913 20945 20941 20902 20912 20764 20795 20904 21062 21201 21257 21411 21474 21449 21336 21247 21170 21091 20925 20967 21048 21051 21058 21041 21049 21122 21063 21140
21177 21177 21151 21067 21083 21008 21099 21043 21046 21038 20915 20900 20914 20943 20940 21022 21068 21163 21111 20998 20904 20814 20846 20854 20881 20908 21007 21113 21284 21357 21380 21414 21394 21384 21402 21373 21357 21363 21308 21364 21394 21424 21382 21415 21482 21623 21621 21512 21572 21533 21572 21621 21656 21701 21698 21622 21739 21757 21718 21749
21768 21799 21774 21937 22010 22046 22044 21975 21994 22010 22046 22103 22090 22121 22230 22253 22265 22243 22244 22220 22197 22254 22238 22243 22227 22305 22310 22319 22372 22365 22243 22248 22248 22238 22237 22198 22136 22042 22069 22095 22102 22107 22126 22123 22114 22226 22250 22270 22357 22416 22504 22512 22496 22541 22604 22627 22692 22637 22613 22560
22504 22531 22626 22556 22568 22588 22525 22559 22686 22825 22916 23059 23081 23142 23150 23089 23021 22953 22805 22674 22660 22540 22619 22633 22641 22651 22624 22554 22604 22594 22479 22438 22423 22382 22468 22503 22530 22552 22435 22439 22456 22513 22491 22472 22423 22481 22457 22442 22493 22496 22583 22646 22720 22724 22709 22645 22682 22697 22654 22663
22698 22739 22714 22752 22802 22858 22901 22929 22916 22911 22893 22890 22942 22967 22895 22885 22931 22883 22879 22883 22998 23093 23091 23079 23034 22982 22985 23004 22973 22994 22992 22987 22821 22685 22560 22449 22486 22467 22478 22530 22662 22737 22862 23041 23015 22981 23013 23128 23131 23130 23168 23194 23259 23258 23166 23254 23191 23209 23158 23217
23219 23252 23222 23223 23174 23268 23270 23254 23307 23223 23207 23196 23204 23240 23319 23317 23333 23274 23225 23330 23314 23231 23197 23205 23256 23319 23295 23197 23149 23064 23138 23116 23175 23198 23345 23319 23254 23252 23267 23285 23206 23154 23151 23180 23174 23207 23253 23236 23338 23333 23288 23344 23352 23406 23385 23397 23426 23504 23547 23514
23472 23440 23430 23439 23495 23520 23574 23640 23630 23650 23656 23570 23584 23616 23487 23480 23471 23500 23388 23388 23401 23464 23471 23391 23394 23462 23521 23569 23611 23671 23625 23644 23611 23776 23798 23906 23979 23986 23930 24046 24016 23920 23841 23680 23556 23612 23614 23574 23612 23607 23632 23590 23603 23629 23646 23577 23548 23656 23702 23705
23716 23636 23668 23610 23575 23545 23590 23594 23660 23649 23661 23709 23653 23653 23713 23709 23739 23736 23735 23689 23676 23534 23350 23233 23060 23055 23006 23052 23090 23170 23269 23355 23477 23506 23422 23412 23394 23365 23353 23349 23323 23342 23320 23343 23351 23405 23425 23466 23526 23459 23445 23529 23569 23616 23565 23582 23581 23579 23585 23558
23529 23499 23500 23447 23472 23520 23480 23443 23404 23338 23350 23304 23255 23288 23279 23267 23228 23262 23340 23339 23337 23345 23286 23309 23311 23315 23365 23368 23411 23441 23427 23395 23378 23310 23262 23262 23229 23272 23284 23293 23333 23293 23217 23177 23206 23168 23137 23206 23179 23115 23142 23248 23304 23307 23336 23364 23400 23355 23400 23394
23449 23518 23528 23564 23477 23545 23563 23593 23593 23544 23588 23511 23488 23465 23416 23426 23479 23445 23417 23463 23406 23427 23431 23444 23480 23405 23340 23351 23338 23364 23380 23380 23353 23269 23309 23289 23283 23260 23296 23365 23384 23366 23319 23374 23323 23395 23453 23503 23657 23800 23826 23834 23800 23773 23664 23621 23530 23432 23350 23330
23330 23247 23159 23157 23114 23088 23087 23071 23162 23209 23209 23269 23254 23299 23309 23393 23447 23450 23281 23199 23140 22991 22861 22793 22804 22851 23016 23220 23336 23423 23432 23374 23286 23321 23292 23308 23370 23381 23412 23322 23361 23273 23333 23373 23334 23374 23350 23339 23305 23320 23265 23255 23267 23170 23235 23239 23243 23260 23268 23329
23358 23347 23338 23298 23260 23294 23241 23212 23276 23281 23299 23404 23386 23410 23364 23420 23383 23320 23347 23347 23220 23163 23236 23257 23217 23212 23224 23291 23311 23249 23279 23277 23236 23179 23214 23184 23262 23267 23312 23343 23293 23293 23272 23264 23291 23283 23357 23285 23346 23279 23267 23294 23279 23234 23224 23214 23263 23277 23302 23285
23194 23244 23259 23313 23251 23213 23129 23147 23158 23159 23190 23287 23331 23356 23362 23432 23477 23452 23455 23479 23487 23564 23547 23503 23463 23451 23640 23784 23896 23958 24055 24078 24059 24038 23935 23849 23826 23808 23766 23679 23702 23654 23669 23676 23672 23660 23682 23743 23551 23472 23415 23549 23486 23526 23577 23552 23619 23673 23647 23726
23751 23825 23812 23692 23723 23752 23789 23777 23837 23792 23665 23668 23602 23517 23464 23503 23518 23577 23588 23599 23598 23574 23517 23559 23591 23610 23532 23537 23470 23470 23320 23207 23047 22957 22992 22941 23014 23135 23212 23355 23498 23603 23566 23477 23373 23394 23337 23290 23322 23256 23247 23335 23329 23356 23386 23321 23351 23345 23336 23308
23253 23207 23155 23131 23078 22989 23041 23061 23027 23003 23057 22969 22935 22960 22942 22948 23019 22962 22934 23022 22993 23000 23076 23141 23121 23067 23030 23015 23046 23103 23072 23047 23092 23060 23063 23021 23114 23175 23234 23260 23286 23351 23316 23387 23341 23301 23360 23322 23312 23344 23347 23413 23416 23307 23310 23272 23263 23198 23231 23279
23270 23262 23299 23326 23381 23396 23379 23442 23439 23393 23402 23449 23546 23458 23382 23376 23327 23372 23446 23316 23437 23507 23594 23576 23500 23551 23561 23540 23512 23552 23546 23536 23523 23531 23549 23530 23594 23516 23468 23438 23476 23568 23715 23786 23916 24072 24202 24290 24329 24297 24186 24212 24137 23966 23796 23682 23685 23752 23760 23697
23586 23555 23618 23627 23532 23550 23560 23635 23666 23705 23673 23716 23711 23749 23735 23747 23766 23604 23457 23360 23287 23249 23222 23195 23279 23322 23442 23534 23659 23752 23769 23706 23706 23695 23678 23765 23749 23724 23691 23671 23636 23649 23674 23729 23620 23557 23593 23567 23585 23521 23555 23609 23596 23530 23549 23560 23537 23537 23476 23434
23353 23319 23319 23319 23393 23393 23475 23507 23523 23566 23570 23609 23566 23548 23502 23492 23608 23570 23571 23630 23599 23613 23578 23557 23605 23563 23615 23593 23640 23638 23712 23711 23722 23747 23683 23715 23707 23739 23638 23647 23562 23606 23641 23708 23760 23788 23899 23935 23888 23932 23965 23965 24041 24090 24139 24148 24138 24150 24239 24306
24317 24406 24398 24375 24433 24365 24402 24475 24494 24551 24528 24566 24653 24658 24747 24728 24731 24779 24838 24787 24771 24834 24859 24739 24765 24808 24789 24762 24651 24689 24685 24657 24575 24568 24518 24474 24511 24477 24519 24578 24639 24736 24767 24953 24969 25048 25159 25196 25223 25161 25106 24936 24881 24744 24620 24634 24613 24616 24695 24767
24855 24879 24931 24895 24903 25025 24952 24938 24858 24870 24866 24838 24776 24812 24840 24841 24748 24770 24715 24687 24654 24650 24708 24792 24772 24807 24798 24872 24791 24821 24847 24807 24753 24824 24803 24853 24891 24835 24862 24914 24936 24954 24938 24805 24623 24594 24524 24420 24428 24451 24429 24448 24564 24698 24840 24844 24824 24823 24815 24821
24866 24906 24948 24979 24917 24920 25005 24990 24946 24946 24889 24858 24812 24835 24835 24833 24823 24884 25033 25050 25074 25045 25049 25075 25003 25024 24992 25007 25008 25017 25017 24991 25064 25115 25144 25165 25104 25174 25180 25160 25141 25085 25117 25136 25176 25233 25177 25225 25289 25200 25234 25237 25230 25241 25299 25273 25153 25137 25228 25297
25237 25365 25391 25541 25686 25766 25775 25764 25765 25705 25587 25480 25295 25343 25320 25280 25305 25145 25242 25271 25242 25272 25334 25212 25185 25201 25183 25150 25109 25187 25170 25200 25151 25153 25151 25107 25110 25117 25154 25208 25244 25346 25337 25369 25279 25316 25350 25236 25283 25266 25262 25213 25114 25137 25174 25155 25120 25113 25157 25150
25227 25296 25308 25301 25368 25357 25429 25447 25489 25468 25388 25342 25380 25368 25432 25322 25345 25329 25250 25147 25121 25149 25216 25181 25225 25252 25234 25233 25285 25236 25200 25176 25180 25051 25111 25173 25228 25284 25354 25391 25389 25358 25265 25219 25094 25023 24926 24915 24882 24963 25118 25254 25430 25580 25550 25542 25505 25535 25575 25462
25491 25515 25514 25597 25629 25688 25665 25737 25658 25644 25616 25638 25627 25649 25716 25737 25660 25651 25638 25734 25786 25797 25658 25648 25589 25621 25574 25528 25463 25431 25407 25389 25404 25444 25520 25530 25454 25441 25410 25480 25482 25546 25649 25687 25671 25677 25669 25723 25715 25662 25635 25607 25670 25757 25802 25804 25871 25924 25940 25974
25981 25999 26107 26072 26032 25981 25911 25956 25945 25974 26044 26010 26029 26009 25986 26018 25960 25952 25895 25868 25927 25954 25931 25870 25891 25874 25873 25883 25879 25837 25827 25819 25798 25836 25776 25741 25788 25948 26087 26176 26209 26239 26199 26093 25945 25901 25755 25601 25656 25662 25641 25706 25752 25766 25667 25745 25698 25735 25656 25640
25613 25638 25599 25611 25626 25545 25618 25612 25567 25516 25558 25619 25637 25697 25804 25861 25941 26015 26089 26182 26262 26280 26290 26262 26331 26296 26277 26192 26043 26013 26001 25916 25980 25987 26090 26178 26279 26411 26561 26577 26553 26567 26499 26569 26689 26654 26759 26718 26740 26671 26637 26656 26729 26728 26728 26695 26717 26651 26705 26678
26677 26728 26774 26694 26639 26575 26644 26684 26582 26570 26591 26643 26628 26602 26570 26517 26530 26464 26457 26411 26393 26369 26485 26508 26448 26446 26463 26412 26378 26357 26368 26399 26377 26329 26359 26353 26369 26353 26441 26392 26349 26296 26348 26365 26409 26365 26316 26295 26303 26359 26352 26327 26307 26242 26206 26187 26250 26238 26215 26234
26243 26236 26229 26311 26311 26349 26427 26433 26411 26357 26394 26540 26661 26849 27020 26970 27007 26971 26930 26909 26793 26630 26497 26424 26429 26273 26295 26241 26231 26219 26232 26245 26213 26203 26184 26230 26229 26284 26326 26310 26341 26335 26335 26417 26392 26411 26346 26283 26225 26214 26206 26272 26330 26372 26372 26347 26390 26461 26475 26535
26551 26680 26674 26694 26716 26704 26769 26815 26791 26795 26895 26867 26786 26737 26699 26776 26729 26728 26749 26733 26738 26746 26764 26765 26817 26800 26891 26918 26926 26875 26809 26860 26934 26954 26980 27036 26872 26794 26643 26542 26457 26455 26435 26463 26545 26590 26676 26729 26725 26678 26757 26697 26763 26714 26709 26738 26726 26731 26755 26770
26799 26791 26688 26709 26763 26767 26746 26686 26743 26730 26770 26748 26700 26657 26691 26650 26644 26682 26641 26605 26631 26649 26634 26634 26625 26704 26632 26664 26796 26825 26845 26747 26767 26801 26846 26846 26799 26770 26759 26836 26804 26762 26814 26737 26767 26684 26708 26673 26775 26708 26698 26767 26798 26781 26804 26822 26819 26810 26824 26809
26790 26804 26876 26887 26935 26935 26866 26918 26892 26886 26909 26880 26842 26933 26928 26895 26900 26877 26834 26817 26817 26840 26904 26938 26952 26909 26946 26972 26966 27012 26971 26951 27021 27064 27116 27121 27143 27137 27211 27267 27299 27301 27247 27240 27263 27231 27357 27411 27521 27585 27701 27768 27797 27744 27651 27622 27493 27440 27401 27430
27481 27457 27544 27565 27619 27658 27628 27587 27668 27692 27673 27710 27759 27748 27779 27799 27783 27745 27818 27862 27887 27963 27940 27972 28001 27979 27916 27989 27955 27938 27925 27947 27904 27900 27895 27914 27855 27838 27887 27965 27943 28014 28012 28071 28013 28132 28171 28096 27938 27765 27773 27735 27743 27749 27800 27895 27988 28117 28220 28215
28192 28139 28115 28147 28159 28131 28094 28122 28080 28080 28103 28108 28114 28085 28033 28065 28065 28117 28060 28075 28111 28116 28197 28182 28150 28100 28154 28159 28150 28203 28220 28197 28225 28301 28305 28336 28289 28302 28262 28274 28363 28283 28240 28222 28160 28138 28172 28198 28245 28227 28232 28285 28402 28344 28354 28397 28420 28426 28476 28582
28624 28571 28594 28609 28607 28509 28491 28443 28417 28393 28343 28358 28305 28462 28603 28698 28897 29076 29080 29048 29042 28952 28808 28740 28653 28715 28688 28694 28702 28740 28807 28799 28849 28906 28817 28824 28776 28775 28818 28833 28931 28917 28957 29004 28885 28898 28969 29028 29021 29010 29105 29084 29091 29101 29161 29228 29270 29265 29267 29224
29278 29301 29299 29260 29319 29298 29335 29301 29163 29200 29216 29335 29230 29105 28972 28969 28884 28838 28800 28858 28887 28970 29064 29180 29159 29224 29189 29202 29235 29305 29343 29429 29449 29426 29378 29366 29419 29507 29502 29506 29602 29649 29639 29697 29636 29645 29662 29718 29748 29709 29784 29806 29810 29845 29735 29756 29781 29799 29869 29904
29904 29942 29910 29917 29957 29997 30000 30034 30039 30081 30066 30157 30164 30169 30233 30123 30075 30026 30052 29973 29973 29909 29926 29926 29853 29862 29838 29833 29826 29841 29796 29743 29874 29930 29936 29908 29898 29958 29912 29872 29833 29846 29820 29889 29841 29861 29785 29792 29798 29931 29987 29963 29982 30015 30029 30005 30015 30026 30098 30121
30111 30211 30310 30278 30294 30348 30387 30324 30415 30460 30455 30583 30567 30566 30619 30729 30721 30665 30761 30820 30804 30844 30826 30841 30906 31007 31033 31188 31300 31454 31501 31583 31643 31641 31663 31564 31400 31290 31207 31202 31187 31282 31328 31378 31468 31417 31461 31343 31368 31368 31338 31281 31341 31315 31309 31301 31309 31356 31351 31414
31417 31430 31460 31478 31503 31465 31481 31481 31471 31527 31584 31730 31694 31580 31373 31259 31212 31121 31031 31069 31121 31181 31315 31424 31498 31416 31402 31371 31381 31348 31238 31215 31152 31237 31337 31420 31463 31525 31571 31570 31462 31482 31490 31558 31662 31651 31746 31661 31678 31805 31726 31709 31739 31674 31744 31733 31668 31615 31613 31612
31577 31621 31659 31714 31661 31693 31675 31802 31822 31788 31835 31770 31730 31744 31715 31761 31651 31608 31578 31619 31601 31586 31638 31610 31522 31548 31585 31639 31646 31666 31690 31666 31655 31587 31640 31664 31682 31678 31642 31610 31597 31598 31500 31558 31655 31649 31734 31735 31778 31847 31811 31879 31844 31763 31783 31739 31760 31928 31911 31906
31977 32003 32012 32011 32033 32033 32008 32098 32126 32215 32315 32508 32612 32692 32683 32637 32615 32540 32460 32357 32243 32061 32018 32036 32074 32097 32113 32071 32098 32064 32056 31987 32108 32082 32186 32211 32206 32246 32196 32289 32267 32283 32283 32274 32263 32300 32228 32211 32280 32266 32293 32363 32321 32247 32267 32280 32222 32226 32237 32277
32379 32403 32488 32495 32521 32562 32567 32545 32512 32558 32476 32489 32437 32437 32378 32290 32329 32421 32410 32455 32408 32361 32416 32460 32533 32494 32455 32424 32427 32461 32327 32166 32082 32064 32017 32050 32054 32044 32212 32398 32558 32756 32708 32718 32708 32638 32615 32599 32623 32636 32746 32763 32730 32726 32773 32813 32811 32840 32845 32812
32915 32927 32901 32972 33020 32997 32997 33037 33071 33082 33099 33107 33091 33081 33057 33069 33076 33088 33046 33019 33002 33052 33018 33029 33080 33157 33075 33138 33196 33178 33132 33092 33051 33053 33082 33093 33141 33107 33140 33160 33166 33082 33192 33209 33242 33221 33205 33160 33218 33219 33205 33250 33247 33246 33300 33247 33317 33248 33299 33330
33342 33334 33381 33355 33358 33473 33599 33680 33720 33902 33901 33890 33805 33734 33629 33528 33380 33335 33348 33401 33532 33489 33585 33636 33625 33689 33742 33662 33665 33760 33803 33850 33862 33827 33786 33817 33818 33894 33910 33910 33901 33944 33871 33809 33841 33829 33799 33874 33877 33905 33918 33948 33988 33922 33987 34117 34057 34137 34183 34169
34232 34145 34061 34018 33995 34033 33992 33934 33943 33763 33622 33571 33455 33346 33292 33329 33304 33378 33438 33558 33640 33740 33769 33789 33777 33808 33832 33821 33749 33740 33838 33854 33896 33940 33871 33837 33738 33800 33819 33808 33808 33811 33830 33844 33810 33848 33913 33896 33822 33766 33839 33774 33805 33873 34010 34025 34046 34057 34004 34008
34035 34102 34121 34164 34207 34164 34150 34263 34240 34144 34105 34127 34129 34138 34121 34071 34071 34082 34090 34049 33997 34013 33990 33976 34001 33898 33886 33903 33984 34028 34019 33977 34015 33877 33909 33896 33877 33857 33857 33872 33941 33974 33972 33925 33987 33912 33958 34037 34041 34058 34060 34134 34152 34159 34156 34107 34097 34086 34112 34115
34116 34152 34253 34453 34387 34463 34438 34406 34327 34345 34388 34349 34311 34376 34377 34344 34307 34343 34347 34374 34279 34314 34318 34287 34309 34262 34205 34233 34258 34194 34252 34329 34231 34269 34334 34375 34418 34559 34597 34697 34635 34610 34550 34527 34498 34519 34637 34806 34938 34999 35008 35076 35143 35059 34992 34867 34758 34555 34586 34547
34554 34521 34552 34552 34646 34604 34562 34539 34536 34525 34590 34668 34689 34731 34683 34762 34708 34656 34623 34682 34719 34699 34674 34654 34673 34712 34707 34746 34825 34802 34751 34869 34863 34895 34889 34891 34899 34864 34880 34780 34793 34787 34811 34811 34688 34577 34441 34300 34251 34288 34312 34361 34384 34393 34516 34761 34783 34836 34967 34973
34920 34933 34902 34928 34866 34797 34807 34813 34823 34768 34727 34763 34797 34766 34848 34843 34819 34847 34863 34847 34816 34834 34924 34924 35008 35034 35127 35111 35012 35039 35104 35159 35148 35118 35218 35342 35449 35486 35476 35556 35595 35648 35614 35661 35667 35657 35709 35689 35665 35664 35663 35662 35663 35623 35649 35701 35743 35847 35848 35875
35894 35878 35979 35839 35843 35990 36168 36328 36429 36512 36471 36453 36394 36357 36281 36173 36026 36005 35975 35915 35968 36018 36024 36055 36027 36022 36080 36140 36141 36175 36302 36242 36335 36366 36315 36288 36288 36293 36241 36271 36220 36188 36121 36096 36087 35944 35933 35895 35941 35998 36011 36013 36042 36026 35987 35977 35980 36006 36024 36068
36062 36106 36139 36151 36105 36032 36062 36062 36051 36119 36185 36160 36226 36329 36286 36316 36314 36278 36236 36242 36301 36336 36339 36280 36246 36243 36232 36260 36295 36247 36217 36150 36183 36319 36305 36290 36313 36288 36282 36283 36237 36254 36228 36173 36044 35869 35845 35766 35782 35808 35845 35958 36095 36313 36504 36490 36450 36431 36406 36474
36520 36529 36579 36567 36547 36519 36559 36601 36644 36646 36710 36793 36892 36870 36931 36931 36954 36927 36921 36896 36884 36902 36881 36762 36815 36877 36951 36982 36946 37018 36979 37083 37136 37102 37187 37229 37221 37194 37181 37215 37222 37206 37080 37017 37070 37027 37040 37082 37160 37233 37167 37175 37183 37233 37291 37365 37322 37233 37279 37217
37162 37167 37145 37208 37297 37414 37429 37542 37586 37616 37566 37559 37501 37459 37350 37312 37332 37332 37378 37349 37284 37337 37338 37347 37349 37439 37356 37260 37263 37165 37143 37063 37073 37082 37086 37060 36999 37068 36947 36889 36890 36908 36807 36776 36664 36717 36731 36714 36743 36757 36833 36911 36860 36816 36720 36741 36740 36720 36686 36693
36723 36665 36635 36614 36603 36566 36552 36570 36516 36579 36658 36726 36742 36743 36742 36680 36687 36685 36697 36685 36663 36596 36586 36531 36533 36503 36637 36705 36771 36815 36783 36663 36561 36509 36512 36534 36531 36590 36566 36620 36702 36769 36871 36883 36907 36993 36954 36988 36988 36964 36952 36889 36884 36906 36901 36929 36921 36993 37090 37072
37129 37225 37255 37224 37241 37224 37277 37374 37391 37331 37409 37450 37460 37485 37528 37501 37511 37573 37624 37668 37642 37621 37655 37713 37784 37757 37763 37803 37791 37782 37781 37782 37783 37798 37811 37800 37800 37800 37683 37700 37807 37825 37810 37826 37781 37746 37698 37626 37671 37622 37653 37686 37664 37595 37616 37602 37568 37605 37563 37508
37533 37460 37462 37490 37565 37707 37734 37765 37752 37761 37867 37882 37953 37931 37922 37965 38011 37954 37967 38081 38101 38179 38185 38187 38209 38175 38221 38288 38269 38322 38360 38416 38425 38391 38371 38490 38589 38670 38784 38828 38806 38779 38799 38681 38575 38484 38326 38364 38347 38417 38345 38433 38523 38516 38519 38563 38616 38754 38740 38712
38797 38863 38983 38976 38919 38899 38856 38833 38888 38903 38840 38911 38829 38899 38867 38687 38567 38451 38381 38384 38374 38440 38531 38548 38768 38890 39010 38926 38920 38938 38980 39083 39166 39175 39202 39115 39123 39042 38990 38966 39010 39036 39135 39136 39119 39091 39045 39007 38925 38964 39035 39012 38988 39012 39050 39016 38958 38883 38939 38915
39002 39051 39061 39054 39058 39130 39097 39078 39075 39217 39171 39172 39114 39086 39103 39134 39173 39184 39245 39203 39266 39209 39232 39264 39317 39337 39291 39278 39332 39303 39253 39217 39213 39236 39236 39274 39336 39442 39454 39576 39520 39477 39519 39589 39667 39778 39760 39802 39858 39786 39903 39969 40010 40132 40101 40110 40109 40109 40155 40182
40197 40178 40042 40105 40128 40128 40200 40271 40298 40444 40563 40670 40707 40814 40899 40788 40847 40769 40717 40636 40498 40500 40544 40681 40749 40846 40906 40965 40977 41061 40994 40943 41014 40962 40923 40940 40861 40853 40931 41054 41007 41087 41073 41106 41160 41246 41190 41155 41137 41047 41100 41045 41050 41122 41160 41222 41172 41228 41238 41204
41289 41189 41154 41088 41075 41148 41136 41151 41160 41201 41120 41190 41216 41263 41247 41363 41426 41382 41352 41383 41413 41358 41332 41421 41428 41444 41354 41404 41390 41488 41458 41487 41491 41490 41522 41569 41596 41646 41655 41729 41786 41829 41851 41879 41859 41877 41789 41706 41563 41489 41477 41427 41487 41504 41546 41662 41872 41941 41943 41969
41939 41926 41856 41822 41806 41790 41815 41790 41754 41808 41912 41871 41832 41795 41778 41772 41742 41764 41733 41827 41887 41852 41866 41871 41809 41726 41735 41645 41603 41578 41607 41622 41646 41690 41697 41797 41721 41748 41778 41860 41819 41809 41775 41736 41753 41877 41884 41858 41874 41870 41856 41881 41872 41936 41883 41960 42023 42088 42129 42155
42162 42111 42197 42202 42198 42245 42244 42257 42357 42474 42582 42633 42731 42659 42617 42666 42597 42581 42412 42249 42277 42222 42253 42294 42327 42274 42318 42292 42292 42355 42422 42463 42483 42509 42540 42477 42494 42536 42559 42521 42443 42452 42534 42589 42607 42620 42644 42594 42662 42738 42733 42697 42664 42624 42623 42695 42707 42752 42802 42743
42817 42848 42806 42850 42847 42898 42799 42828 42859 42826 42781 42790 42891 42899 42928 42976 42919 42893 42836 42883 42872 42767 42874 42959 42955 42939 42853 42870 42775 42847 42749 42728 42713 42648 42639 42631 42608 42636 42789 42851 42799 42647 42580 42602 42460 42448 42488 42523 42619 42723 42830 42953 42919 42934 42916 42833 42831 42929 42997 42953
42885 42919 42943 42892 42936 42953 42957 43074 43106 43189 43155 43109 43162 43182 43153 43091 43082 43099 43028 43030 43056 43051 43056 43010 43042 43029 43018 43000 42969 42920 42902 42894 42931 42892 42937 42867 42853 42867 42898 42877 42924 42905 42942 42968 43014 43034 43111 43135 43024 43048 43063 43045 43076 43038 43033 43043 42988 42979 42951 43007
42953 42874 42806 42869 42913 42920 42886 42921 42928 42843 42747 42750 42711 42768 42759 42798 42759 42740 42776 42790 42837 42826 42908 43110 43274 43405 43498 43524 43573 43560 43503 43443 43319 43253 43203 43252 43182 43183 43102 43092 43085 43129 43078 43051 43076 43057 43004 43066 43032 43003 42973 42977 42974 43067 43117 43102 43045 43083 43123 43181
43192 43265 43200 43146 43219 43185 43184 43171 43161 43060 43026 43142 43107 43127 43114 43057 42994 42988 43010 42903 42875 42789 42768 42791 42816 42822 42820 42809 42751 42817 42868 42902 42920 42942 42967 42967 42996 42980 42979 42903 42939 43076 43151 43214 43184 43221 43116 43068 43030 42880 42775 42805 42680 42735 42848 42915 43065 43176 43301 43267
43289 43350 43364 43399 43377 43440 43484 43492 43517 43545 43476 43529 43549 43602 43617 43685 43750 43822 43868 43886 43892 43771 43727 43861 43837 43914 43929 43817 43853 43799 43694 43832 43822 43882 43799 43802 43800 43932 43967 43972 44069 44073 44020 44026 43967 43984 43995 44020 44008 44037 44115 44061 44145 44085 44083 43974 44078 44086 44120 44177
44199 44127 44213 44194 44248 44242 44205 44322 44358 44533 44559 44503 44456 44424 44366 44292 44203 44097 43998 44003 44009 43936 43846 43679 43597 43666 43636 43666 43618 43621 43656 43707 43702 43702 43702 43750 43763 43701 43659 43680 43758 43787 43748 43741 43791 43816 43780 43841 43937 44001 43974 43957 43952 44009 43972 43952 43943 43955 43968 43948
43899 43947 43873 43869 43905 43869 43890 43871 43942 43962 43941 43943 43945 43874 43919 43865 43850 43848 43871 43874 43865 43819 43800 43747 43776 43751 43705 43693 43654 43591 43583 43610 43636 43673 43655 43665 43639 43587 43697 43712 43732 43734 43756 43612 43451 43353 43309 43305 43286 43284 43300 43431 43523 43655 43814 43846 43888 43815 43755 43708
43684 43687 43677 43742 43762 43718 43751 43641 43618 43648 43645 43611 43666 43675 43672 43706 43737 43776 43714 43756 43779 43810 43795 43753 43842 43947 43931 43924 43958 43968 44012 43940 43931 43854 43846 43828 43867 43880 43858 43830 43760 43880 43904 43970 44006 44063 44077 43965 43956 43936 43928 43894 43853 43882 43857 43776 43752 43738 43738 43754
43728 43771 43864 44009 44077 44110 44193 44263 44275 44291 44173 44096 43994 43827 43814 43803 43810 43864 43907 43857 43734 43770 43802 43844 43911 44001 44104 44143 44195 44231 44232 44232 44222 44189 44154 44091 44073 44065 44122 44156 44222 44171 44273 44238 44214 44220 44243 44359 44375 44302 44355 44274 44287 44259 44231 44236 44201 44216 44226 44266
44300 44277 44311 44281 44337 44355 44388 44379 44438 44425 44326 44361 44344 44242 44289 44308 44323 44350 44396 44308 44335 44295 44325 44258 44079 44112 44025 43996 43978 43994 44081 44199 44323 44356 44472 44442 44501 44479 44519 44538 44578 44620 44625 44560 44603 44567 44592 44636 44728 44782 44796 44745 44767 44772 44752 44701 44650 44739 44752 44791
44873 44920 44868 44872 44750 44776 44863 44829 44857 44880 44842 44916 45024 45031 45115 45212 45216 45107 45093 45065 45178 45166 45148 45105 45089 45114 45047 44975 44987 44926 44948 44947 44944 44957 44949 44997 44979 44966 44965 45041 45089 45137 45141 45109 45063 45037 45149 45214 45314 45273 45306 45333 45330 45294 45314 45307 45247 45210 45186 45171
45073 45057 45057 45067 45115 45089 45155 45174 45189 45169 45149 45172 45172 45168 45107 45165 45293 45303 45498 45703 45793 45857 45928 45973 46041 45973 45903 45818 45744 45704 45628 45621 45548 45613 45581 45542 45579 45466 45485 45566 45583 45609 45666 45712 45697 45725 45649 45629 45630 45651 45693 45755 45725 45802 45810 45793 45746 45664 45675 45659
45631 45535 45521 45490 45525 45566 45477 45474 45406 45376 45448 45537 45506 45461 45513 45470 45454 45513 45567 45618 45453 45417 45371 45339 45246 45220 45197 45221 45268 45279 45367 45531 45489 45424 45343 45323 45274 45304 45207 45138 45051 45080 45139 45139 45117 45174 45157 45201 45194 45183 45139 45156 45258 45299 45365 45384 45379 45344 45290 45290
45329 45381 45360 45339 45254 45233 45228 45171 45141 45111 45079 45160 45174 45058 45105 45120 45090 45100 45070 45153 45220 45260 45280 45263 45304 45168 45175 45188 45213 45228 45252 45257 45260 45240 45234 45254 45256 45300 45334 45363 45316 45358 45342 45337 45374 45373 45399 45450 45438 45404 45420 45428 45385 45365 45328 45301 45309 45322 45304 45319
45349 45342 45374 45425 45397 45359 45406 45475 45529 45564 45543 45620 45673 45734 45813 45832 45817 45889 45875 45933 45977 46039 46131 46168 46131 46170 46168 46135 46125 46097 46078 46037 46166 46298 46375 46417 46484 46436 46483 46419 46439 46321 46170 46048 46057 46039 46099 46074 46101 46138 46123 46187 46083 46032 46024 46160 46176 46188 46198 46204
46178 46253 46218 46218 46240 46182 46195 46221 46204 46231 46231 46273 46277 46222 46208 46146 46028 45958 46035 45979 45979 45970 46042 46037 46089 46040 46111 46124 45997 45919 45852 45779 45753 45818 45917 45930 46088 46224 46342 46579 46578 46673 46711 46695 46722 46663 46647 46717 46834 46909 46888 46859 46921 46890 46868 46831 46864 46912 46927 46858
46897 46936 47002 47006 47006 46976 47005 46984 47045 47102 47080 47259 47254 47249 47233 47256 47303 47264 47262 47244 47292 47261 47167 47188 47119 47098 47176 47156 47180 47239 47220 47203 47243 47298 47303 47356 47339 47357 47353 47341 47434 47388 47439 47369 47381 47342 47303 47349 47398 47495 47495 47581 47591 47686 47781 47815 47866 47873 47869 47772
47774 47805 47825 47852 47871 47886 47922 47916 47858 47923 47966 48059 48121 48158 48281 48304 48304 48313 48325 48186 48108 48032 47849 47856 47716 47709 47724 47763 47791 47727 47756 47694 47619 47627 47581 47668 47645 47611 47717 47738 47757 47775 47790 47783 47734 47740 47767 47854 47872 47876 47845 47860 47862 47887 47875 47876 47917 47917 47945 47909
47915 47871 47903 47903 47900 47903 47925 47907 47941 47973 47859 47692 47564 47510 47414 47412 47381 47450 47602 47689 47872 47987 47974 48032 47973 48043 48127 48176 48156 48200 48245 48350 48394 48387 48399 48445 48377 48409 48432 48407 48413 48521 48485 48447 48497 48510 48502 48456 48464 48560 48511 48586 48592 48626 48619 48629 48657 48742 48705 48687
48801 48877 48838 48876 48918 48953 48848 48792 48823 48823 48864 48814 48740 48762 48711 48748 48679 48607 48538 48595 48588 48566 48576 48619 48578 48527 48555 48595 48647 48623 48669 48644 48754 48766 48822 48900 48924 48969 48965 48956 48948 48946 48949 48987 48929 48892 48856 48858 48886 48941 48819 48823 48935 48925 48927 48906 48969 49089 48976 48958
48902 48867 48941 48876 48847 48826 48831 48983 49184 49256 49343 49429 49370 49350 49307 49200 49169 49106 48955 48998 49067 49080 49069 49083 49002 49016 48963 48957 48965 48979 48987 49004 48968 48940 49009 48957 48865 48879 48812 48847 48890 48878 48829 48783 48734 48734 48739 48746 48711 48699 48763 48739 48825 48706 48795 48690 48617 48631 48622 48577
48650 48677 48649 48676 48629 48603 48534 48604 48666 48691 48766 48751 48766 48745 48724 48677 48696 48646 48628 48661 48630 48565 48549 48566 48530 48559 48544 48644 48664 48729 48671 48741 48788 48792 48686 48760 48693 48759 48811 48749 48771 48751 48594 48451 48343 48279 48251 48225 48318 48412 48547 48621 48790 48951 48949 48993 48939 48980 49119 49158
49157 49159 49127 49095 49028 49091 49124 49127 49021 49066 49187 49177 49158 49239 49229 49185 49189 49177 49210 49126 49163 49182 49189 49223 49198 49211 49138 49179 49146 49133 49066 49044 49004 49053 49002 48952 49083 49078 49096 49048 49072 49092 49160 49184 49301 49261 49346 49297 49321 49346 49462 49442 49378 49364 49476 49420 49405 49432 49498 49531
49527 49542 49520 49534 49595 49583 49633 49615 49647 49667 49606 49751 49897 50021 50106 50182 50177 50277 50263 50156 50015 49876 49657 49756 49792 49787 49766 49760 49774 49858 49896 49913 49878 49802 49808 49793 49773 49746 49714 49626 49575 49558 49513 49581 49673 49660 49649 49708 49687 49670 49643 49667 49644 49641 49696 49691 49667 49619 49635 49576
49529 49603 49692 49590 49568 49621 49580 49569 49618 49647 49592 49508 49480 49459 49525 49475 49413 49485 49485 49495 49537 49491 49478 49597 49712 49689 49689 49719 49609 49540 49481 49483 49377 49382 49310 49250 49242 49201 49188 49120 49121 49129 49130 49142 49159 49255 49177 49024 48969 48925 48873 48946 48975 49149 49254 49363 49404 49626 49626 49600
49565 49538 49525 49557 49601 49650 49668 49639 49707 49769 49643 49630 49682 49680 49607 49593 49530 49556 49493 49455 49469 49416 49401 49324 49307 49291 49315 49327 49277 49293 49228 49259 49291 49272 49407 49459 49536 49566 49619 49605 49613 49697 49681 49714 49727 49801 49750 49779 49838 49867 49903 49866 49794 49790 49760 49762 49783 49889 49916 49970
49981 49976 50008 49975 49944 49886 49868 49979 49980 49981 49957 49967 50054 50024 50045 50018 50153 50148 50197 50246 50198 50175 50207 50272 50327 50306 50363 50350 50333 50345 50340 50331 50390 50488 50529 50636 50695 50745 50828 50830 50813 50718 50549 50514 50321 50305 50323 50279 50265 50205 50169 50163 50172 50171 50210 50251 50298 50200 50087 50035
50098 50080 50140 50121 50141 50056 50060 50056 50198 50254 50142 50084 50015 50022 50132 50172 50172 50078 50079 49978 50055 50064 50150 50115 50138 50135 50117 50045 50108 50081 50107 50063 50111 50185 50252 50289 50338 50317 50272 50182 50104 49989 49922 49900 49918 50077 50175 50256 50352 50450 50386 50420 50541 50567 50588 50594 50542 50552 50578 50585
50691 50690 50695 50711 50688 50724 50771 50768 50894 50896 50857 50855 50848 50863 50871 50808 50766 50772 50805 50889 51050 50968 50990 51080 51013 51051 51118 51097 50992 51030 51052 51154 51171 51173 51163 51109 51137 51106 51157 51107 51133 51150 51104 51116 51104 51109 51020 50963 50994 51019 51018 50987 50905 50934 50882 50872 50847 50950 50894 50918
50952 50959 50928 50947 50941 50950 50986 50975 51061 51080 51048 51111 51093 51081 51121 51148 51187 51195 51116 51145 51300 51411 51528 51570 51564 51520 51524 51477 51335 51222 51161 51116 51053 51062 51047 51049 51040 51012 51031 51038 51061 51069 51035 51096 51055 51041 51054 51020 51065 51078 51103 51095 51014 50975 51010 50985 51077 51072 51139 51103
51088 51050 51030 51023 51029 51092 50997 51008 50967 51016 51024 51061 51155 51167 51189 51212 51236 51174 51144 51152 51140 51087 51156 51181 51177 51276 51275 51273 51337 51355 51369 51424 51434 51446 51446 51496 51573 51662 51743 51781 51574 51486 51406 51299 51304 51228 51216 51310 51359 51536 51796 51885 51835 51866 51744 51762 51745 51809 51798 51742
51800 51855 51818 51800 51871 51903 51964 51945 52017 52012 52019 52047 52027 52134 52145 52245 52353 52291 52284 52321 52444 52444 52457 52617 52476 52413 52370 52362 52309 52282 52318 52314 52305 52307 52284 52333 52347 52406 52419 52418 52396 52430 52423 52401 52397 52370 52279 52261 52292 52305 52266 52284 52287 52283 52267 52225 52265 52342 52303 52314
52282 52288 52293 52348 52362 52309 52321 52295 52386 52375 52309 52377 52354 52314 52306 52290 52325 52332 52206 52233 52130 52150 52101 52087 52110 52219 52404 52483 52525 52634 52640 52639 52603 52639 52571 52444 52313 52281 52267 52239 52274 52242 52264 52273 52249 52273 52351 52377 52319 52348 52321 52282 52288 52292 52307 52270 52326 52381 52520 52572
52562 52552 52466 52523 52553 52645 52632 52608 52610 52642 52733 52793 52818 52748 52698 52665 52723 52807 52884 52886 52846 52811 52789 52837 52874 52910 52973 53028 53093 53108 53156 53133 53162 53092 53116 53155 53205 53204 53071 52970 52917 52787 52773 52787 52771 52869 52950 53166 53332 53474 53426 53422 53426 53480 53509 53573 53491 53516 53422 53381
53345 53370 53305 53330 53355 53436 53423 53385 53366 53287 53301 53300 53327 53308 53353 53331 53283 53304 53308 53343 53401 53408 53465 53495 53448 53453 53429 53358 53229 53292 53324 53322 53332 53334 53366 53349 53336 53279 53265 53259 53189 53157 53110 53076 53093 53093 53058 52999 53019 53081 53038 53081 53025 53061 53033 53054 53039 53017 52977 52985
53070 53057 53061 53056 53089 53092 53060 53128 53177 53282 53335 53351 53362 53347 53421 53407 53361 53399 53472 53473 53599 53712 53775 53859 53857 53783 53880 53837 53895 53795 53754 53653 53595 53529 53575 53626 53607 53651 53680 53566 53595 53539 53578 53510 53571 53613 53661 53627 53537 53571 53613 53588 53618 53613 53574 53653 53667 53603 53630 53519
53541 53553 53518 53483 53541 53591 53486 53454 53418 53427 53402 53343 53396 53306 53283 53213 53209 53222 53155 53073 53073 53084 52990 53069 53098 53159 53166 52979 52893 52805 52650 52589 52616 52612 52620 52657 52769 52926 53011 53038 53080 53111 53141 53148 53120 53130 53200 53125 53093 53122 53119 53075 53054 53027 53093 53084 53132 53078 53022 53101
53056 53044 52976 53018 53010 52914 52960 52960 53038 53083 53058 53040 53104 53147 53156 53098 53046 53085 53049 53098 53107 53101 53004 52948 52951 52934 52980 53005 52997 53032 53093 53188 53138 53026 52941 52907 52954 53067 53098 53025 53066 53059 53106 53211 53213 53284 53253 53178 53230 53214 53206 53230 53167 53147 53226 53292 53407 53445 53420 53406
53380 53455 53473 53397 53398 53368 53344 53280 53276 53266 53160 53188 53149 53158 53133 53148 53088 53110 53115 53106 53109 53146 53133 53107 53099 53049 53033 53040 53081 53118 53071 53085 53132 53203 53223 53250 53302 53363 53441 53412 53458 53606 53678 53773 53803 53842 53957 53941 53813 53658 53591 53469 53387 53314 53295 53375 53422 53432 53490 53409
53496 53449 53531 53606 53640 53705 53723 53641 53640 53594 53606 53574 53540 53522 53486 53476 53461 53497 53505 53460 53424 53431 53480 53429 53479 53535 53526 53522 53521 53566 53601 53519 53520 53520 53517 53523 53545 53522 53515 53572 53544 53458 53424 53383 53423 53399 53411 53284 53229 53164 53094 53071 53138 53296 53395 53490 53721 53910 53840 53747
53720 53816 53805 53822 53872 53777 53745 53701 53696 53744 53744 53754 53748 53738 53777 53738 53804 53799 53752 53724 53852 53821 53848 53871 53877 53903 53914 53890 53923 53904 53943 53940 53940 53991 53990 53870 53837 53828 53830 53860 53809 53846 53918 53925 53906 53887 53866 53888 53899 54016 54072 53986 54007 54094 54128 54096 54159 54156 54114 54147
54181 54138 54218 54240 54313 54420 54546 54668 54768 54852 54730 54642 54584 54490 54281 54200 54243 54280 54247 54193 54205 54278 54285 54389 54418 54453 54502 54537 54537 54527 54468 54547 54513 54559 54581 54623 54609 54567 54603 54587 54672 54684 54675 54767 54873 54875 54900 54913 54977 54902 54901 54895 54962 55046 55046 55012 54922 54871 54963 54994
55056 54990 54994 55048 54974 55095 55023 55063 55075 55038 55073 54980 54874 54778 54776 54693 54800 54873 54867 54955 55100 55202 55260 55291 55212 55209 55221 55188 55244 55246 55306 55318 55287 55292 55331 55376 55428 55458 55469 55423 55432 55430 55422 55392 55335 55362 55455 55420 55398 55373 55412 55455 55385 55462 55400 55366 55372 55355 55373 55374
55441 55410 55337 55316 55411 55547 55493 55442 55465 55503 55550 55493 55484 55470 55547 55520 55523 55543 55540 55439 55560 55541 55561 55515 55389 55414 55404 55416 55426 55493 55465 55420 55364 55372 55411 55452 55403 55460 55417 55455 55505 55687 55726 55765 55875 55854 55824 55824 55795 55772 55717 55627 55687 55689 55684 55720 55715 55845 55740 55677
55697 55622 55677 55848 55949 56162 56244 56347 56304 56317 56268 56205 56181 55990 55805 55801 55839 55815 55761 55863 55848 55809 55779 55731 55726 55751 55785 55711 55697 55631 55673 55755 55857 55939 55957 55900 55857 55822 55861 55802 55769 55757 55752 55735 55755 55779 55786 55734 55752 55842 55816 55851 55797 55796 55806 55956 56042 56061 56053 56118
56074 56081 56189 56247 56318 56312 56264 56191 56182 56199 56115 56080 55974 55969 56068 56146 56199 56259 56238 56352 56375 56332 56300 56269 56277 56285 56245 56106 55990 55946 55938 55978 55997 56136 56239 56333 56481 56446 56375 56351 56295 56295 56421 56480 56392 56356 56395 56273 56279 56256 56186 56190 56237 56345 56308 56286 56221 56178 56220 56261
56332 56319 56232 56233 56267 56316 56322 56344 56390 56351 56299 56360 56364 56382 56357 56396 56397 56370 56378 56416 56417 56358 56430 56390 56376 56383 56329 56291 56313 56281 56266 56239 56194 56186 56119 56109 56133 56074 56154 56122 56053 55964 55996 56045 55967 56060 55952 55918 55894 55861 55774 55758 55815 55763 55746 55827 55831 55796 55809 55854
55805 55805 55778 55732 55723 55685 55735 55733 55670 55639 55596 55690 55804 55740 55714 55643 55659 55646 55638 55597 55662 55629 55594 55570 55568 55553 55510 55482 55623 55752 55896 55935 55942 55932 55878 55832 55708 55613 55515 55356 55258 55257 55275 55282 55341 55381 55407 55422 55424 55426 55357 55341 55422 55468 55436 55436 55300 55284 55299 55372
55376 55257 55360 55337 55376 55305 55253 55226 55261 55262 55219 55214 55203 55277 55276 55271 55195 55220 55349 55400 55430 55504 55521 55516 55525 55455 55523 55487 55464 55398 55454 55417 55455 55553 55481 55367 55207 55122 55037 54881 54937 55031 55155 55193 55341 55414 55401 55437 55470 55493 55577 55638 55693 55701 55666 55701 55786 55927 55992 55978
55941 55945 56012 56056 55996 55980 56059 55983 55952 55838 55870 55818 55811 55756 55773 55808 55863 55919 55891 55899 55899 55944 55958 55922 55863 55897 55944 55905 55929 55902 55833 55817 55777 55829 55849 55822 55819 55836 55816 55858 55817 55775 55823 55827 55833 55878 55936 55913 55858 55832 55829 55917 55861 55821 55872 55856 55993 55938 55925 55887
55934 55934 55833 55732 55661 55698 55812 55836 55952 55951 55947 56075 56100 56045 56047 55952 55961 55948 55926 55975 55914 55856 55893 55932 55855 55920 55897 55870 55898 55864 55950 55947 55906 55906 55809 55809 55830 55897 56014 56011 55994 56004 55990 56010 56042 56071 56057 56117 56149 56164 56206 56264 56252 56346 56410 56419 56393 56406 56355 56329
56261 56247 56342 56407 56419 56460 56513 56559 56540 56495 56541 56481 56424 56369 56404 56516 56576 56561 56563 56612 56728 56784 56771 56840 56886 56862 56900 56889 56899 56770 56578 56391 56355 56337 56335 56444 56519 56600 56676 56851 56968 56982 56959 56978 56979 56930 57001 56978 57070 57073 57095 57183 57239 57257 57201 57115 57099 57037 57030 57045
57002 56998 57003 57047 57090 57005 56957 56994 57027 57137 57142 57133 57201 57203 57171 57238 57294 57269 57293 57203 57183 57102 57078 57055 57007 57035 57063 57057 57043 56950 57020 57014 57048 57083 57100 57109 57098 57079 56974 57023 57060 57027 57074 57034 57055 57114 57075 57044 57157 57069 57096 57100 57195 57179 57184 57237 57286 57313 57326 57279
57276 57363 57408 57371 57387 57360 57337 57393 57374 57365 57377 57488 57455 57471 57467 57495 57552 57628 57615 57653 57627 57725 57721 57732 57797 57790 57981 58036 58245 58323 58331 58259 58272 58218 58154 58063 57979 57894 57896 57889 57900 57904 57935 57971 57962 57894 57908 57939 57984 57985 57955 58067 58063 58082 58106 58036 58055 58115 58170 58137
58152 58063 58029 58030 58118 58126 58162 58211 58312 58405 58399 58442 58468 58448 58427 58387 58381 58393 58412 58385 58322 58332 58147 58098 58056 58049 58059 58085 58148 58254 58332 58542 58559 58592 58611 58630 58625 58579 58526 58524 58553 58630 58609 58609 58626 58610 58582 58617 58611 58600 58513 58481 58476 58581 58520 58511 58485 58543 58471 58393
58414 58475 58432 58415 58419 58433 58469 58481 58570 58628 58629 58545 58532 58475 58464 58454 58443 58473 58453 58431 58426 58402 58436 58422 58405 58451 58406 58462 58560 58524 58524 58478 58512 58521 58584 58664 58665 58657 58687 58661 58698 58647 58708 58727 58713 58586 58540 58508 58419 58517 58525 58558 58467 58413 58423 58379 58317 58288 58317 58332
58396 58373 58402 58479 58503 58663 58668 58665 58649 58726 58742 58672 58678 58727 58782 58770 58777 58789 58789 58787 58697 58746 58886 58993 59151 59226 59294 59321 59354 59331 59166 59098 58942 58860 58848 58874 58947 58999 58967 58962 58868 58864 58851 58808 58827 58893 58807 58833 58812 58854 58814 58727 58690 58661 58730 58849 58854 58900 58986 59016
59048 59115 59181 59153 59178 59199 59263 59199 59270 59216 59278 59209 59199 59168 59087 58899 58822 58774 58742 58724 58731 58776 58875 58964 59171 59310 59259 59313 59376 59342 59408 59405 59398 59450 59447 59366 59303 59276 59294 59326 59315 59322 59232 59178 59186 59236 59301 59283 59292 59258 59321 59309 59416 59488 59515 59547 59603 59603 59603 59563
59571 59568 59582 59570 59580 59547 59602 59607 59597 59578 59586 59619 59634 59716 59758 59758 59678 59726 59695 59694 59720 59689 59639 59627 59643 59690 59675 59760 59743 59765 59807 59817 59794 59840 59860 59849 59807 59829 59873 59856 59850 59776 59848 59831 59831 59834 59856 59918 59839 59736 59778 59863 59885 59912 59865 59918 59921 59960 59969 59980
60030 60041 60192 60226 60252 60301 60269 60265 60369 60512 60587 60594 60681 60747 60799 60716 60563 60355 60280 60228 60229 60231 60153 60248 60312 60325 60320 60265 60285 60279 60306 60221 60104 60174 60152 60145 60199 60227 60255 60223 60210 60139 60176 60108 60152 60187 60107 60132 60095 60132 60210 60187 60112 60084 60071 60075 60091 60203 60304 60280
60342 60336 60338 60417 60513 60492 60414 60423 60509 60508 60523 60499 60457 60474 60514 60590 60579 60621 60613 60603 60619 60596 60574 60604 60654 60638 60589 60551 60495 60443 60443 60447 60403 60402 60348 60392 60384 60445 60253 60071 59944 59854 59881 59931 59901 59979 60070 60149 60325 60405 60411 60358 60366 60317 60300 60323 60322 60243 60230 60286
60246 60231 60260 60226 60223 60182 60147 60123 60168 60193 60199 60243 60231 60218 60258 60253 60252 60197 60226 60166 60050 60007 60033 60106 60111 60148 60140 60149 60111 60143 60071 60067 60111 60165 60238 60258 60237 60303 60352 60363 60434 60384 60332 60329 60345 60346 60361 60423 60328 60198 60144 60169 60202 60250 60225 60269 60317 60348 60355 60279
60284 60318 60484 60548 60632 60687 60790 60972 61167 61242 61354 61438 61425 61410 61298 61200 60966 60793 60689 60737 60711 60709 60688 60603 60690 60653 60664 60649 60719 60629 60663 60640 60684 60627 60653 60607 60533 60630 60604 60596 60514 60505 60494 60603 60627 60643 60614 60624 60666 60656 60710 60728 60741 60748 60732 60761 60826 60759 60858 60887
60873 60866 60884 60869 60794 60828 60822 60820 60824 60875 60865 60780 60788 60821 60620 60519 60381 60345 60344 60384 60405 60421 60575 60685 60723 60900 60843 60942 61067 61073 61108 61139 61147 61186 61180 61161 61198 61210 61200 61193 61157 61074 61099 61065 61001 60987 60929 60883 60801 60718 60740 60782 60878 60885 60853 60807 60838 60815 60885 60918
60998 60998 60971 60930 60920 60887 60843 60831 60829 60890 60891 60885 60922 61060 61122 61140 61152 61125 61174 61167 61079 61120 61167 61218 61246 61267 61276 61277 61272 61230 61203 61211 61123 61233 61325 61258 61303 61357 61347 61358 61409 61328 61309 61341 61338 61313 61311 61273 61275 61203 61187 61181 61190 61216 61219 61195 61224 61155 61201 61202
61205 61158 61154 61117 61138 61235 61192 61189 61383 61414 61485 61584 61681 61740 61777 61682 61519 61536 61440 61318 61319 61396 61402 61519 61549 61575 61598 61611 61600 61535 61493 61534 61576 61640 61658 61636 61694 61722 61667 61696 61703 61731 61691 61726 61693 61723 61691 61641 61626 61652 61674 61657 61728 61704 61741 61668 61647 61684 61769 61798
61829 61794 61761 61755 61793 61715 61622 61612 61754 61815 61816 61864 61866 61909 61811 61869 61915 61846 61849 61847 61776 61802 61809 61800 61741 61714 61623 61625 61655 61645 61632 61546 61576 61541 61554 61540 61470 61398 61282 61236 61237 61164 61152 61223 61251 61322 61450 61588 61546 61569 61658 61713 61665 61595 61605 61617 61658 61660 61652 61667
61590 61632 61655 61664 61676 61756 61773 61842 61865 61868 61945 61859 61938 62010 62010 62055 62078 62110 62117 62138 62104 62078 62130 62158 62097 62048 61991 61982 62041 61953 61918 61920 61849 61892 61902 61974 61935 61924 61968 62001 62026 62064 62156 62234 62269 62233 62298 62193 62204 62237 62253 62279 62302 62293 62312 62345 62346 62431 62451 62586
62623 62532 62537 62437 62491 62535 62566 62590 62576 62540 62578 62561 62642 62715 62784 62862 63007 63085 63126 63211 63271 63246 63127 63053 62781 62777 62859 62875 62902 62855 62896 62874 62903 62910 62938 63054 63098 63083 63114 63174 63238 63243 63219 63140 63129 63140 63124 63079 63127 63149 63160 63257 63243 63201 63306 63313 63327 63327 63417 63518
63529 63488 63481 63502 63505 63557 63546 63585 63585 63523 63523 63559 63578 63600 63599 63556 63462 63356 63270 63253 63113 63119 63103 63182 63264 63431 63609 63746 63768 63769 63779 63748 63769 63757 63700 63665 63629 63537 63557 63539 63587 63649 63635 63699 63665 63707 63737 63682 63711 63757 63828 63834 63820 63824 63798 63861 63959 64003 63952 63938
63997 64027 64106 64205 64235 64232 64293 64253 64235 64253 64240 64293 64285 64368 64442 64418 64449 64550 64513 64525 64531 64559 64573 64612 64636 64652 64652 64671 64621 64628 64585 64548 64548 64545 64598 64682 64733 64801 64891 64888 64879 64957 64933 64935 64978 65133 65110 65107 65082 65109 65115 65125 65049 65079 65043 65091 65121 65105 65141 65036
65105 65158 65149 65237 65318 65344 65317 65425 65467 65422 65388 65323 65222 65072 64909 64868 64850 64815 64797 64829 64843 64822 64828 64910 64963 65019 65092 65147 65177 65137 65209 65162 65197 65175 65288 65418 65374 65350 65395 65458 65468 65483 65490 65543 65476 65485 65486 65510 65534 65594 65597 65621 65659 65657 65710 65686 65745 65757 65768 65822
65840 65897 65882 65834 65866 65713 65625 65541 65518 65473 65466 65549 65609 65606 65714 65783 65920 65987 65954 65914 65968 65971 65951 65971 66013 66052 65999 65931 66000 66037 66012 66047 66010 65973 66064 66029 65927 66041 66052 66066 66081 66181 66160 66132 66116 66142 66239 66245 66200 66156 66179 66183 66271 66241 66290 66306 66291 66222 66201 66062
66161 66244 66280 66250 66263 66214 66154 66231 66218 66337 66332 66353 66412 66376 66408 66358 66346 66402 66444 66401 66368 66449 66394 66423 66426 66275 66242 66168 66146 66120 66128 66114 66155 66200 66223 66268 66182 66217 66189 66249 66240 66116 66083 66034 65978 65995 66046 66073 66162 66147 66147 66148 66144 66251 66264 66302 66421 66395 66355 66342
66288 66390 66420 66443 66495 66495 66565 66650 66793 66767 66862 66930 66945 66982 66974 66939 66968 66993 66975 66953 66967 66943 67001 67028 66973 66977 66973 67003 66965 66932 66960 66962 66993 66983 67082 67063 67244 67437 67575 67718 67770 67813 67813 67817 67732 67625 67468 67375 67346 67375 67432 67367 67372 67412 67425 67399 67401 67440 67404 67358
67442 67484 67453 67474 67452 67426 67478 67408 67456 67519 67466 67491 67503 67462 67488 67495 67469 67481 67548 67509 67483 67499 67443 67527 67480 67449 67510 67446 67509 67428 67384 67448 67438 67496 67568 67566 67571 67544 67528 67553 67524 67535 67534 67549 67563 67576 67645 67564 67476 67387 67365 67315 67353 67423 67502 67604 67780 67929 68022 68023
68051 68110 68133 68204 68281 68280 68267 68228 68309 68347 68396 68412 68388 68402 68344 68276 68215 68195 68232 68335 68418 68388 68394 68380 68482 68490 68506 68553 68579 68607 68595 68627 68563 68516 68525 68479 68537 68561 68590 68547 68527 68546 68588 68555 68601 68553 68521 68544 68626 68653 68695 68692 68584 68626 68680 68672 68734 68721 68772 68794
68742 68746 68688 68605 68557 68553 68638 68736 68673 68653 68592 68717 68838 68909 69007 69107 69159 69109 69143 69081 69031 68921 68827 68923 68889 68855 68860 68766 68842 68890 68909 68936 68932 68893 68960 68958 69089 69107 69085 69033 69015 69043 69064 69104 69208 69208 69183 69116 69239 69282 69259 69277 69279 69242 69265 69298 69279 69306 69331 69303
69316 69365 69349 69388 69410 69468 69421 69438 69391 69429 69353 69212 69116 69051 69039 69083 69171 69212 69245 69340 69528 69696 69633 69649 69617 69679 69605 69640 69669 69655 69612 69595 69584 69632 69635 69591 69606 69553 69537 69597 69567 69629 69462 69462 69501 69547 69572 69574 69637 69632 69619 69578 69586 69557 69551 69535 69461 69408 69361 69445
69476 69481 69529 69545 69621 69622 69616 69624 69636 69700 69621 69612 69579 69625 69608 69541 69511 69478 69580 69598 69538 69556 69539 69551 69528 69427 69390 69451 69381 69380 69379 69355 69423 69471 69541 69677 69608 69559 69674 69796 69789 69855 69840 69879 69904 69890 69858 69834 69796 69752 69762 69780 69688 69705 69706 69730 69812 69831 69829 69836
69816 69696 69746 69723 69763 69786 69761 69681 69717 69732 69615 69741 69791 69988 69962 69964 70075 70017 69949 69869 69802 69680 69620 69581 69561 69517 69457 69437 69428 69473 69501 69460 69430 69501 69506 69479 69457 69482 69583 69510 69607 69566 69541 69519 69534 69446 69445 69430 69433 69519 69527 69513 69510 69486 69545 69583 69595 69680 69681 69677
69750 69713 69775 69753 69698 69808 69779 69759 69712 69709 69796 69783 69798 69867 69867 69872 69945 69935 69963 69905 69964 70007 69994 69926 69735 69592 69473 69428 69488 69465 69457 69533 69719 69830 70013 70074 70090 70084 70067 70120 70063 70046 70100 70135 70066 70007 70005 70036 70036 70015 69961 69996 70142 70308 70354 70361 70484 70513 70642 70647
70629 70623 70690 70655 70638 70652 70649 70690 70693 70824 70746 70718 70782 70783 70800 70797 70818 70867 70813 70860 70919 70907 70911 70955 71036 71122 71196 71238 71134 71189 71143 71133 71172 71177 71125 71087 71059 71133 71068 71141 71086 71092 71080 71138 71111 71133 71157 71109 71186 71271 71275 71207 71231 71260 71315 71424 71347 71384 71452 71416
71439 71469 71422 71359 71385 71508 71490 71431 71455 71525 71548 71585 71625 71655 71655 71684 71705 71693 71689 71607 71605 71463 71454 71463 71466 71469 71498 71390 71356 71405 71418 71424 71503 71546 71498 71441 71603 71784 71932 72065 72140 72262 72218 72161 72020 71904 71742 71574 71487 71476 71422 71396 71364 71376 71231 71212 71287 71330 71365 71416
71422 71434 71400 71420 71469 71501 71503 71475 71365 71297 71292 71347 71349 71313 71283 71156 71185 71146 71076 71154 71105 71029 71062 71081 71136 71215 71226 71175 71192 71228 71317 71244 71301 71302 71338 71321 71342 71362 71354 71400 71413 71454 71477 71631 71607 71451 71319 71244 71252 71309 71240 71302 71354 71450 71541 71689 71804 71830 71876 71946
71969 71950 71962 71987 72045 72132 72120 72120 72043 72093 72112 72044 72056 72057 72121 72165 72153 72190 72238 72229 72184 72196 72267 72277 72294 72222 72182 72171 72134 72109 72037 72091 72094 72014 72108 72062 72099 72161 72230 72248 72336 72440 72476 72572 72592 72566 72491 72466 72445 72392 72403 72428 72298 72275 72340 72324 72442 72455 72466 72482
72508 72540 72540 72547 72586 72634 72588 72605 72654 72764 72839 72887 72938 72944 72958 73018 73098 73164 73244 73207 73322 73333 73233 73150 73031 72862 72752 72765 72794 72735 72698 72744 72705 72705 72701 72682 72687 72705 72669 72626 72631 72602 72667 72685 72658 72629 72642 72636 72653 72649 72567 72623 72648 72579 72676 72667 72702 72661 72643 72646
72649 72636 72649 72615 72670 72700 72664 72663 72706 72734 72757 72733 72695 72620 72706 72650 72702 72823 72876 72919 72819 72859 72860 72822 72897 72887 72834 72905 72874 72845 72762 72755 72684 72732 72709 72705 72707 72732 72829 72841 72696 72536 72495 72398 72390 72407 72452 72431 72491 72606 72750 72939 72964 72879 72786 72762 72747 72780 72837 72816
72780 72785 72778 72747 72742 72753 72735 72673 72786 72833 72825 72824 72860 72837 72744 72697 72679 72726 72708 72702 72730 72750 72734 72767 72740 72724 72772 72853 72904 72870 72891 72828 72843 72879 72788 72786 72834 72831 72827 72796 72821 72879 72934 72936 72905 72848 72843 72843 72859 72882 72942 72951 72954 72956 73062 73050 73056 72958 72945 72940
72945 72976 73002 72972 72965 72964 72888 72921 72830 72938 72934 72969 73007 73040 73044 73119 73119 73111 73062 72988 72978 73006 73049 73147 73246 73297 73335 73316 73370 73279 73260 73291 73123 73063 73027 73026 73018 72985 73044 73089 72996 72920 72853 72818 72756 72734 72840 72972 72948 72981 72992 72969 72912 72912 72869 72848 72818 72784 72827 72770
72723 72727 72661 72713 72749 72701 72702 72719 72651 72609 72604 72671 72582 72609 72632 72579 72515 72513 72555 72440 72325 72272 72213 72231 72179 72145 72293 72308 72382 72611 72777 72767 72785 72762 72814 72845 72872 72915 72919 72943 72975 72995 72962 72911 72806 72721 72713 72717 72703 72671 72595 72594 72622 72687 72660 72672 72698 72607 72689 72686
72770 72702 72715 72690 72717 72729 72734 72703 72594 72569 72651 72647 72643 72620 72646 72768 72701 72711 72859 72901 72896 72900 72868 72833 72833 72811 72793 72754 72773 72759 72801 72768 72876 72800 72797 72790 72809 72813 72833 72831 72874 72907 72844 72894 72936 72888 72952 72876 72852 72852 72857 72931 72927 72923 72986 73008 73004 73026 73007 72916
72986 73042 73078 73160 73155 73145 73193 73310 73316 73334 73340 73267 73275 73275 73296 73213 73321 73317 73297 73334 73402 73424 73429 73479 73514 73521 73526 73501 73501 73519 73463 73369 73334 73366 73290 73303 73277 73279 73278 73308 73277 73333 73323 73297 73291 73424 73608 73768 73849 73899 73915 73863 73837 73747 73655 73629 73380 73423 73535 73564
73556 73526 73598 73625 73587 73604 73617 73699 73639 73655 73700 73726 73731 73734 73773 73826 73772 73831 73865 73880 73916 73848 73873 73887 73651 73665 73571 73612 73494 73396 73504 73561 73646 73796 73953 74094 74133 74104 74093 74122 74148 74137 74124 74131 74100 74141 74141 74044 74015 74153 74136 74110 74180 74154 74116 74047 74102 74083 74126 74147
74114 74078 74163 74161 74244 74272 74359 74322 74337 74234 74284 74271 74249 74256 74259 74275 74261 74244 74318 74262 74303 74308 74313 74289 74213 74250 74299 74317 74247 74231 74294 74239 74223 74136 74203 74255 74243 74297 74301 74340 74375 74410 74410 74504 74578 74655 74641 74686 74684 74711 74740 74757 74758 74834 74797 74859 74854 74852 74871 74868
74923 74898 75009 75179 75314 75418 75543 75604 75493 75506 75424 75256 75156 74960 74768 74733 74655 74612 74622 74636 74619 74606 74650 74675 74654 74674 74572 74585 74581 74629 74602 74705 74760 74798 74844 74914 74893 74956 74924 74862 74870 74845 74841 74828 74795 74824 74846 74877 74911 74887 75008 75000 74986 74985 74992 74989 74911 74941 74936 74907
74898 74914 74861 74863 74873 74917 74922 74938 74959 74910 74875 74848 74838 74856 74927 75044 74968 74948 74904 74945 74983 74877 74799 74648 74475 74461 74366 74406 74453 74479 74649 74680 74818 74818 74788 74784 74684 74542 74567 74555 74475 74521 74562 74489 74551 74567 74520 74517 74535 74506 74561 74661 74702 74697 74716 74676 74725 74730 74737 74738
74753 74791 74820 74801 74799 74787 74804 74822 74747 74797 74754 74734 74767 74744 74640 74635 74667 74704 74655 74704 74710 74698 74687 74704 74716 74688 74756 74826 74747 74849 74831 74872 74930 74905 74845 74868 74796 74820 74823 74806 74704 74693 74640 74636 74808 74754 74760 74717 74743 74780 74741 74698 74687 74668 74686 74715 74698 74713 74744 74777
74830 74873 74850 74808 74810 74817 74786 74891 74858 74887 74887 74883 74870 74918 74895 74888 74918 74930 74934 74955 74867 74817 74891 74926 74949 74959 74945 74945 74938 75008 74994 74995 74996 75013 75004 75018 75054 75078 75058 75031 75127 75247 75382 75412 75429 75511 75476 75446 75396 75339 75205 75049 75055 75103 75147 75146 75200 75229 75188 75131
75142 75150 75105 75101 75224 75179 75248 75252 75209 75229 75143 75207 75198 75219 75121 75114 75134 75134 75185 75224 75103 74971 74907 74809 74694 74735 74783 74820 74857 74986 75094 75231 75195 75196 75264 75345 75378 75467 75449 75411 75459 75507 75565 75594 75623 75733 75716 75692 75639 75601 75634 75574 75623 75576 75516 75548 75515 75538 75513 75528
75495 75472 75434 75388 75448 75451 75406 75495 75534 75563 75581 75489 75424 75386 75323 75421 75464 75439 75419 75366 75310 75272 75299 75427 75419 75372 75410 75387 75438 75530 75504 75608 75489 75520 75545 75606 75589 75589 75533 75538 75569 75601 75577 75601 75617 75605 75655 75575 75489 75424 75381 75306 75240 75123 75076 75088 75120 75104 75094 75093
75135 75183 75188 75201 75193 75251 75334 75476 75540 75656 75793 75895 75883 75843 75800 75669 75598 75427 75423 75398 75410 75423 75395 75374 75339 75378 75387 75346 75296 75342 75333 75349 75347 75338 75347 75320 75409 75385 75351 75394 75365 75293 75256 75262 75291 75272 75312 75325 75308 75282 75354 75388 75388 75455 75487 75470 75499 75583 75540 75516
75626 75651 75604 75604 75590 75605 75613 75599 75577 75467 75476 75427 75427 75456 75559 75497 75606 75673 75712 75724 75668 75706 75642 75714 75726 75644 75619 75642 75680 75718 75650 75585 75571 75464 75382 75338 75330 75331 75258 75312 75306 75210 75224 75163 75120 75033 74879 74703 74564 74471 74401 74413 74554 74556 74605 74777 74902 74972 74976 74963
74948 74976 75001 75055 75152 75181 75169 75178 75123 75090 75077 75104 75100 75098 75167 75170 75187 75109 75045 75052 75063 75129 75180 75135 75109 75030 75001 74976 74977 74919 74922 74863 74832 74911 74766 74783 74772 74786 74823 74878 74828 74786 74767 74717 74649 74584 74599 74667 74722 74741 74749 74841 74870 74894 74894 74947 74943 74969 74995 74998
75058 75135 75150 75091 75134 75118 75170 75176 75164 75124 75101 75126 75201 75201 75246 75244 75268 75190 75188 75273 75265 75138 75147 75157 75130 75157 75167 75160 75132 75194 75289 75284 75374 75379 75540 75731 75947 75992 75961 75940 75911 75953 75913 75790 75733 75653 75712 75648 75686 75752 75659 75632 75556 75442 75511 75479 75494 75458 75429 75486
75557 75546 75433 75408 75414 75367 75359 75341 75394 75356 75318 75320 75322 75341 75398 75446 75537 75526 75504 75473 75534 75529 75431 75386 75399 75460 75424 75449 75414 75451 75444 75408 75381 75416 75434 75454 75471 75524 75449 75453 75470 75642 75727 75764 75653 75645 75530 75420 75406 75354 75241 75162 75178 75198 75248 75336 75494 75611 75631 75670
75640 75665 75654 75671 75695 75678 75726 75682 75669 75839 75898 75923 75946 75928 75902 75884 76005 76026 75980 75969 75974 76005 76022 75992 76050 76005 75927 76004 75965 75974 76019 76039 76067 76032 76007 75967 75967 76013 76001 75976 76052 76053 76135 76185 76184 76267 76230 76256 76262 76283 76274 76290 76321 76333 76310 76341 76398 76448 76474 76431
76420 76474 76514 76480 76471 76468 76376 76331 76269 76308 76344 76384 76415 76484 76516 76546 76564 76520 76514 76462 76468 76532 76568 76576 76622 76683 76691 76747 76698 76655 76670 76681 76630 76628 76617 76607 76580 76517 76469 76523 76515 76557 76542 76563 76729 76860 76959 77105 77232 77236 77218 77142 77020 76814 76721 76546 76553 76520 76591 76630
76696 76689 76628 76562 76522 76475 76535 76554 76551 76505 76515 76530 76551 76517 76518 76564 76553 76631 76669 76738 76715 76655 76615 76642 76539 76378 76321 76330 76370 76468 76452 76566 76675 76814 76929 77053 77026 77012 77014 77085 77083 77009 76983 76983 76964 76975 77000 76983 77097 77142 77096 77118 77161 77189 77116 77224 77348 77355 77403 77463
77534 77584 77544 77471 77475 77512 77518 77491 77519 77564 77679 77690 77750 77748 77742 77643 77646 77665 77637 77599 77609 77698 77742 77718 77757 77673 77705 77731 77690 77654 77650 77623 77706 77808 77789 77761 77761 77773 77870 77909 77875 77904 77934 77828 77837 77848 77940 77916 77910 77930 77929 77968 77962 77898 77825 77805 77828 77838 77919 77797
77808 77799 77929 77971 77947 77923 77916 77907 77917 77857 77805 77751 77822 77892 77865 77899 77900 77909 77973 77904 77913 77845 77860 77838 77887 77937 77905 78006 78114 78308 78388 78373 78416 78475 78410 78312 78236 78108 78141 78104 78059 78023 78000 77954 78013 78037 77968 77947 77905 77889 77819 77791 77796 77793 77785 77726 77735 77715 77761 77802
77787 77730 77731 77718 77685 77694 77690 77669 77571 77497 77393 77281 77315 77334 77441 77562 77692 77743 77873 78022 77987 77922 77963 77969 77956 78072 78066 78148 78149 78132 78141 78115 78035 78090 78090 78056 78105 78000 77996 77945 78017 78010 78091 78158 78176 78115 78197 78330 78367 78298 78267 78285 78336 78395 78413 78509 78490 78489 78541 78462
78399 78347 78404 78320 78354 78383 78406 78432 78409 78402 78523 78521 78510 78516 78561 78586 78570 78586 78671 78637 78613 78636 78644 78520 78576 78576 78595 78497 78441 78531 78576 78647 78599 78694 78735 78757 78917 79012 79007 79023 79047 79054 79058 79148 79146 79167 79164 79107 79158 79147 79256 79319 79256 79243 79211 79316 79302 79279 79231 79233
79165 79066 79120 79147 79044 79100 79196 79113 79203 79214 79182 79166 79288 79236 79227 79266 79234 79203 79135 79219 79436 79561 79691 79682 79740 79731 79675 79704 79621 79471 79278 79237 79246 79296 79183 79227 79286 79346 79313 79270 79262 79275 79331 79282 79248 79242 79277 79260 79288 79312 79372 79386 79469 79496 79430 79508 79456 79514 79531 79563
79644 79672 79728 79551 79448 79274 79169 79228 79201 79150 79176 79247 79247 79387 79594 79606 79693 79751 79864 79852 79776 79772 79828 79869 79872 79921 79929 79946 79996 79992 80054 79971 79971 79947 80045 80099 80164 80156 80077 80070 80073 80092 80016 80026 80055 79969 79960 79927 79887 79847 79827 79875 79822 79809 79887 79894 79807 79844 79845 79809
79800 79812 79746 79765 79770 79740 79864 79889 79883 79908 79945 79938 80021 80043 80072 80136 80114 80200 80239 80260 80237 80210 80224 80237 80219 80205 80171 80197 80221 80250 80203 80281 80304 80332 80377 80345 80288 80262 80234 80225 80286 80278 80257 80326 80329 80379 80305 80261 80286 80285 80282 80302 80323 80253 80166 80196 80127 80123 80119 80164
80142 80240 80326 80416 80515 80603 80562 80525 80502 80550 80436 80263 80109 80248 80396 80411 80419 80469 80466 80533 80569 80582 80514 80459 80557 80545 80522 80496 80544 80671 80751 80659 80644 80644 80608 80493 80490 80413 80384 80324 80371 80341 80440 80434 80369 80404 80399 80421 80446 80446 80427 80501 80564 80591 80642 80628 80656 80565 80622 80691
80710 80859 80893 80698 80665 80621 80509 80436 80408 80480 80573 80649 80777 80945 81013 81026 81043 81107 81090 81063 81029 80980 80958 80979 80947 80920 80927 80947 80998 81026 80989 80985 80919 80827 80848 80934 80906 80829 80785 80728 80715 80736 80747 80688 80693 80627 80705 80714 80723 80746 80767 80773 80779 80807 80881 80823 80801 80775 80758 80766
80777 80829 80811 80811 80778 80766 80728 80745 80720 80722 80749 80770 80769 80724 80748 80634 80614 80694 80565 80592 80523 80510 80568 80523 80476 80491 80522 80558 80494 80468 80460 80530 80544 80519 80482 80407 80390 80395 80347 80337 80282 80325 80427 80490 80509 80605 80603 80578 80582 80514 80497 80388 80458 80449 80481 80442 80500 80558 80569 80579
80697 80764 80748 80818 80736 80798 80895 80978 81062 81113 81093 81141 81196 81171 81183 81119 80926 80815 80862 80871 80831 80868 80888 80887 80859 80806 80780 80847 80904 80934 80945 80887 80887 80916 80919 80913 81029 81054 81129 81173 81199 81269 81363 81360 81395 81309 81274 81210 81286 81325 81266 81396 81384 81386 81366 81305 81380 81422 81437 81424
81459 81466 81523 81534 81521 81573 81662 81677 81656 81683 81687 81655 81584 81529 81496 81519 81542 81561 81665 81745 81739 81703 81794 81878 81837 81832 81805 81932 81899 81921 81853 81897 81908 81889 81908 81831 81895 81951 82000 82069 82016 82046 81898 81844 81870 81788 81790 81620 81418 81263 81184 81050 81077 81127 81174 81291 81313 81453 81459 81445
81477 81529 81516 81452 81455 81431 81420 81333 81319 81359 81461 81455 81493 81623 81670 81628 81673 81675 81597 81587 81615 81598 81569 81478 81499 81534 81500 81449 81474 81505 81536 81496 81388 81467 81512 81570 81604 81645 81621 81680 81702 81779 81674 81667 81706 81746 81694 81603 81594 81670 81661 81668 81677 81745 81709 81675 81655 81687 81663 81725
81695 81768 81706 81777 81727 81672 81658 81669 81611 81585 81545 81656 81658 81689 81746 81756 81673 81646 81712 81627 81543 81546 81553 81500 81524 81665 81568 81531 81619 81618 81587 81626 81642 81669 81686 81855 81955 82096 82209 82269 82319 82368 82332 82287 82158 82074 81972 81929 81977 81983 81982 81986 82011 81979 82000 81992 81939 81972 81962 82032
82007 82032 82034 82038 81954 81966 81910 81878 81883 81831 81826 81829 81772 81709 81659 81665 81653 81653 81627 81614 81639 81567 81560 81606 81674 81674 81660 81675 81690 81689 81736 81734 81643 81640 81608 81575 81549 81543 81583 81558 81558 81521 81500 81532 81521 81591 81597 81440 81362 81217 81165 81128 81189 81212 81324 81408 81669 81880 81813 81842
81803 81880 81902 81935 81947 81980 81870 81958 81967 81943 81958 81890 81832 81924 81860 81802 81835 81861 81909 81904 81776 81841 81931 81953 81988 82029 82148 82125 82101 82136 82179 82078 82149 82283 82293 82379 82389 82484 82475 82484 82438 82380 82400 82423 82386 82442 82446 82380 82477 82531 82561 82509 82574 82543 82603 82561 82553 82495 82582 82670
