0 -43 -32 -31 -48 26 45 -54 -72 -121 -146 -199 -202 -231 -178 -179 -121 -111 -111 -51 -78 -222 -230 -247 -186 -201 -198 -154 -198 -284 -201 -236 -206 -143 -130 -125 -164 -148 -146 -199 -206 -216 -254 -180 -273 -284 -289 -386 -387 -395 -358 -307 -268 -316 -285 -277 -302 -238 -168 -151
-182 -216 -212 -191 -277 -179 -214 -182 -217 -253 -210 -209 -273 -290 -274 -282 -337 -264 -194 -210 -168 -178 -127 -190 -165 -83 -136 -127 -204 -174 -123 -248 -186 -187 -171 -108 -93 -67 -137 -164 -76 58 233 305 354 291 384 187 125 78 -92 -157 -204 -197 -206 -247 -244 -251 -295 -185
-133 -192 -332 -539 -637 -708 -804 -782 -780 -788 -701 -628 -472 -364 -369 -372 -378 -383 -293 -348 -246 -300 -290 -303 -389 -463 -508 -574 -469 -383 -362 -428 -460 -460 -431 -450 -491 -596 -516 -489 -518 -578 -540 -607 -559 -556 -545 -518 -491 -410 -309 -308 -358 -343 -312 -240 -369 -296 -246 -251
-289 -277 -272 -226 -263 -254 -260 -155 -110 -104 -159 -172 -167 -114 -125 -71 -127 -166 -124 -169 -143 -153 -160 -244 -273 -224 -93 -51 -52 0 65 22 -57 -9 28 37 79 104 143 151 150 88 117 165 82 0 -15 13 5 -27 -90 -80 -109 -217 -273 -330 -236 -345 -307 -305
-276 -308 -258 -136 2 102 222 318 386 427 410 322 253 143 -24 44 122 117 63 83 1 41 84 83 93 68 163 231 247 370 437 437 393 326 391 363 322 297 274 266 193 150 157 56 161 185 145 103 136 149 108 162 202 202 220 196 239 239 157 196
279 279 312 326 343 416 326 427 434 471 439 445 362 358 365 322 311 313 319 420 448 464 533 586 581 640 633 534 523 483 539 529 554 539 521 533 566 446 402 419 439 493 489 482 491 449 438 342 207 110 143 66 70 79 229 297 391 483 582 645
590 602 515 479 525 490 407 367 377 341 333 414 352 278 300 320 294 304 272 265 278 332 352 396 413 367 398 415 435 410 410 370 315 276 316 366 438 432 432 385 374 379 437 493 487 475 517 514 465 495 531 493 504 505 513 471 497 518 630 655
545 551 542 548 584 665 625 679 641 611 657 606 560 604 557 593 587 614 564 564 584 622 678 583 582 719 685 687 673 705 739 750 721 889 964 1012 1040 1144 1252 1085 1143 958 892 760 631 666 663 731 721 730 720 711 707 689 765 810 901 968 956 1005
1066 1035 1087 1088 1054 983 816 829 783 794 776 594 470 362 282 294 270 294 376 430 514 636 720 711 721 709 734 730 686 743 788 795 774 765 721 758 735 771 805 777 810 812 832 846 799 789 763 796 886 934 994 1002 1002 1059 1118 1154 1179 1136 1088 1067
1039 1023 1088 1086 1080 1054 1075 1110 1061 1142 1146 1060 1103 1054 1092 1083 1019 983 992 918 980 971 940 940 887 887 886 967 993 1017 1070 1016 941 945 964 1040 1054 1096 1237 1199 1198 1116 1052 1124 1100 1170 1249 1266 1255 1269 1226 1229 1169 1133 1058 1066 1121 1191 1241 1255
1255 1250 1216 1262 1342 1340 1271 1252 1262 1359 1310 1288 1377 1375 1434 1336 1333 1316 1431 1543 1428 1381 1438 1440 1414 1423 1331 1388 1405 1414 1463 1447 1489 1519 1503 1451 1408 1483 1483 1408 1473 1449 1611 1740 1868 1948 1987 2067 2022 1939 1904 1909 1728 1494 1505 1529 1513 1505 1601 1668
1600 1562 1542 1611 1715 1684 1686 1637 1721 1658 1597 1629 1623 1697 1713 1738 1759 1771 1723 1707 1715 1799 1864 1847 1889 1939 1887 1850 1860 1737 1524 1501 1490 1476 1478 1536 1609 1707 1808 1973 2064 2048 2032 2015 2056 2066 2068 2054 2065 2129 2154 2236 2160 2208 2182 2163 2105 2127 2228 2175
2091 2147 2269 2281 2309 2375 2359 2373 2328 2352 2347 2353 2394 2462 2497 2513 2394 2310 2309 2270 2270 2305 2281 2310 2432 2456 2554 2606 2588 2615 2578 2517 2650 2660 2624 2576 2637 2573 2518 2464 2408 2379 2424 2490 2612 2562 2513 2509 2447 2463 2373 2355 2348 2416 2360 2345 2366 2387 2381 2384
2421 2443 2427 2473 2455 2492 2438 2417 2515 2606 2738 2910 2931 2910 2934 2898 2774 2658 2619 2419 2411 2438 2427 2419 2400 2406 2417 2393 2438 2406 2476 2519 2532 2543 2511 2498 2527 2591 2632 2658 2708 2748 2674 2732 2719 2734 2753 2733 2741 2794 2841 2805 2850 2835 2817 2829 2786 2793 2837 2852
2873 2899 2937 2953 2933 2943 2873 2896 2941 2958 2974 2904 2899 2945 2955 2946 2953 2756 2604 2552 2523 2469 2461 2473 2458 2505 2675 2824 2962 3005 3008 3042 3029 3109 3133 3159 3127 3043 2974 2931 2884 2933 2961 3007 2988 2991 3011 3051 2967 3023 3095 3130 3167 3274 3272 3195 3202 3258 3257 3236
3250 3280 3323 3254 3204 3204 3251 3315 3222 3179 3064 3090 3197 3113 3125 3139 3114 3153 3090 3154 3157 3123 3093 3162 3193 3156 3199 3181 3197 3323 3387 3308 3327 3260 3257 3289 3299 3316 3375 3377 3452 3432 3614 3529 3618 3602 3571 3592 3527 3458 3368 3332 3408 3442 3476 3577 3620 3652 3631 3646
3692 3645 3680 3696 3596 3628 3682 3699 3725 3729 3679 3619 3784 3899 4111 4281 4306 4316 4287 4218 4157 4015 3920 3813 3850 3809 3814 3799 3808 3782 3830 3798 3880 3990 4087 4091 4096 4119 4052 4011 4004 4065 3976 3928 3890 3848 3814 3827 3861 3949 3939 4040 3991 3929 3992 3962 4011 4019 3916 3978
4032 3926 3780 3682 3536 3487 3489 3484 3442 3547 3698 3789 3940 3986 3947 4017 4015 3969 3898 3950 3856 3955 3873 3971 4011 4020 4046 4008 3965 3959 3992 3965 3915 3855 3901 3898 3907 3915 3915 3954 4068 4143 4151 4078 4122 4112 4148 4114 4052 4121 4042 4059 4071 4114 4084 3994 3883 3955 3956 4006
3937 3908 3898 3924 3981 3952 3982 3965 3976 4028 3965 4007 3999 4002 3988 3959 4080 4070 4064 4075 4122 4112 4135 4185 4188 4147 4154 4163 4137 4126 4151 4253 4298 4272 4222 4149 4109 4063 4019 4027 3997 4025 4066 4107 4132 4090 4092 4055 4031 3983 4020 4090 4127 4165 4135 4200 4272 4252 4248 4287
4301 4326 4325 4389 4368 4394 4426 4373 4570 4721 4798 4904 5056 5110 5027 4951 4887 4728 4674 4586 4548 4607 4678 4696 4799 4732 4771 4816 4826 4772 4730 4675 4706 4735 4805 4798 4799 4789 4879 4903 4883 4918 4961 4914 4899 4915 4911 4888 4814 4855 4858 4892 4939 4990 5074 5135 5125 5121 5015 5042
5136 5078 5094 5137 5140 5196 5227 5148 5146 5174 5227 5318 5319 5310 5329 5360 5324 5340 5306 5290 5210 5230 5253 5247 5275 5226 5314 5316 5319 5322 5392 5425 5370 5336 5262 5292 5348 5425 5408 5444 5429 5389 5233 5038 4978 4871 4919 4881 4871 4905 4932 4941 5086 5158 5218 5282 5257 5195 5234 5365
5460 5475 5484 5502 5517 5548 5561 5515 5474 5508 5593 5638 5574 5651 5666 5649 5652 5607 5668 5632 5675 5677 5739 5819 5689 5701 5730 5761 5787 5789 5828 5828 5865 5880 5898 5985 5940 5963 5994 6006 5989 6001 6134 6117 6108 6031 6008 6071 6040 5976 5946 5945 5919 5905 5880 5913 5950 5962 6005 6054
6011 6022 5983 6180 6280 6375 6489 6568 6615 6639 6583 6449 6345 6236 6140 6083 6117 6089 6060 6112 6049 6059 6119 6072 6054 6053 6042 6071 6040 5991 5996 6039 6022 6020 5996 6027 5997 5937 5874 5985 5931 5966 5890 5869 5965 6103 6216 6211 6193 6232 6267 6298 6277 6248 6248 6275 6250 6215 6197 6230
6212 6233 6246 6271 6279 6250 6181 6143 6162 6181 6249 6223 6290 6315 6370 6341 6385 6438 6484 6586 6661 6656 6721 6710 6751 6745 6779 6786 6825 6816 6763 6781 6786 6764 6711 6709 6771 6762 6840 6773 6822 6841 6866 6745 6714 6718 6650 6521 6425 6450 6434 6402 6357 6424 6483 6544 6624 6750 6715 6691
6691 6690 6707 6758 6725 6795 6848 6850 6882 6924 6952 6950 7002 7061 7044 7033 7033 6990 6973 7032 7010 7025 7055 7010 7026 7006 7114 7159 7108 7154 7166 7215 7188 7160 7115 7221 7191 7191 7235 7235 7176 7221 7280 7373 7344 7329 7327 7315 7364 7287 7292 7273 7232 7215 7267 7306 7362 7399 7398 7398
7463 7467 7498 7523 7521 7499 7582 7562 7548 7636 7686 7712 7785 7866 7974 7990 8107 8105 8150 8145 8011 7977 7806 7711 7711 7773 7779 7803 7795 7762 7863 7927 7925 7967 7981 7977 7975 8050 8079 8064 8004 8010 7969 7938 7985 7946 8031 8061 8091 8074 7999 7956 7974 8018 8106 8239 8344 8332 8378 8390
8415 8472 8522 8570 8586 8582 8621 8663 8710 8612 8605 8556 8551 8548 8627 8702 8671 8624 8536 8432 8310 8257 8286 8273 8368 8385 8506 8602 8706 8835 8795 8798 8805 8752 8789 8844 8771 8732 8738 8813 8858 8780 8810 8827 8815 8854 8793 8710 8706 8731 8727 8721 8757 8762 8774 8798 8820 8813 8785 8801
8745 8759 8743 8686 8659 8667 8690 8638 8661 8675 8640 8619 8557 8584 8553 8576 8656 8716 8672 8546 8525 8448 8453 8362 8322 8297 8274 8209 8225 8234 8172 8203 8206 8210 8247 8294 8220 8245 8223 8194 8303 8342 8367 8369 8343 8426 8316 8336 8244 8363 8436 8353 8381 8292 8375 8428 8369 8358 8447 8327
8376 8375 8284 8341 8395 8425 8425 8339 8468 8698 8770 8919 9018 9042 9045 8955 8855 8800 8656 8477 8406 8458 8391 8343 8453 8496 8461 8411 8443 8421 8461 8379 8504 8462 8519 8479 8471 8496 8488 8476 8577 8603 8512 8465 8473 8487 8474 8474 8442 8433 8382 8360 8295 8340 8322 8315 8288 8295 8318 8287
8305 8310 8210 8314 8299 8339 8376 8384 8359 8296 8413 8389 8444 8446 8467 8476 8512 8445 8516 8536 8595 8586 8541 8538 8579 8569 8645 8624 8614 8630 8556 8554 8544 8503 8575 8600 8650 8510 8381 8284 8249 8164 8197 8239 8288 8390 8506 8582 8632 8628 8659 8640 8661 8681 8627 8663 8578 8570 8581 8578
8588 8546 8540 8615 8657 8610 8701 8698 8742 8723 8782 8785 8806 8805 8810 8854 8812 8914 8921 8924 8936 8890 8805 8779 8745 8670 8560 8509 8447 8447 8506 8530 8460 8459 8439 8463 8546 8541 8619 8519 8461 8390 8427 8366 8331 8389 8396 8378 8346 8334 8382 8312 8300 8272 8274 8304 8339 8302 8251 8254
8252 8203 8243 8278 8294 8329 8415 8389 8281 8272 8254 8247 8230 8275 8213 8262 8263 8268 8254 8326 8272 8301 8402 8452 8505 8581 8555 8500 8446 8311 8249 8078 7988 8021 8034 8090 8064 7997 8059 8071 8107 8151 8071 8045 8023 8040 8123 8085 8085 8089 8056 8067 8179 8160 8151 8082 8125 8132 8106 8033
7988 7915 7954 7835 7717 7672 7585 7599 7535 7562 7571 7685 7766 7933 8081 8084 8031 8016 8016 8081 8046 8062 8099 8097 8129 8121 8182 8203 8224 8346 8338 8431 8417 8292 8420 8535 8433 8412 8356 8395 8492 8512 8542 8417 8397 8460 8481 8534 8496 8506 8534 8541 8521 8584 8607 8615 8583 8719 8699 8704
8728 8704 8779 8785 8766 8746 8772 8809 8753 8742 8783 8729 8762 8811 8811 8860 8865 8883 8841 8876 8853 8863 8863 8951 8868 8876 8826 8768 8763 8832 8914 8879 8959 8913 8944 8863 8808 8862 8822 8854 8960 8953 8994 9050 9076 9076 9129 9117 9062 9117 9080 8995 9005 8995 9053 9045 9065 9062 9052 9113
9135 9159 9188 9163 9225 9235 9238 9244 9291 9259 9210 9280 9337 9331 9444 9498 9522 9497 9608 9573 9553 9579 9578 9622 9743 9746 9737 9785 9906 9925 9979 9988 10004 9914 9972 9969 10079 10221 10399 10468 10467 10525 10533 10470 10392 10363 10233 10088 10122 10177 10175 10173 10174 10195 10195 10212 10219 10282 10242 10266
10325 10325 10254 10306 10409 10494 10460 10446 10464 10492 10494 10351 10162 10025 9974 9930 9968 9959 10012 10063 10185 10358 10501 10508 10501 10521 10500 10424 10353 10356 10317 10320 10323 10338 10232 10240 10152 10100 10082 10084 10075 10137 10121 10091 10015 9993 10087 10174 10142 10286 10288 10197 10147 10109 10057 10101 10126 10137 10102 10153
10104 10103 10073 10069 10076 10088 10187 10231 10195 10269 10286 10233 10233 10259 10228 10234 10204 10271 10273 10313 10263 10263 10197 10113 10114 10054 10027 10052 10071 10181 10258 10211 10231 10241 10256 10249 10255 10229 10329 10203 10198 10210 10172 10098 10093 10100 10131 10072 10056 10036 10027 10022 10020 10096 10175 10227 10227 10230 10236 10267
10228 10273 10297 10315 10322 10298 10287 10349 10418 10409 10388 10449 10391 10428 10365 10359 10248 10303 10326 10383 10323 10322 10354 10400 10415 10371 10306 10258 10192 10160 10159 10088 10099 10119 10232 10304 10275 10336 10438 10590 10635 10723 10702 10693 10715 10695 10709 10723 10589 10427 10398 10395 10448 10510 10491 10431 10400 10386 10428 10451
10429 10421 10443 10449 10538 10529 10467 10514 10533 10600 10630 10479 10481 10482 10389 10327 10384 10433 10455 10383 10402 10449 10400 10396 10255 10154 10115 10064 10087 10111 10186 10321 10400 10530 10656 10748 10720 10718 10721 10718 10718 10724 10817 10792 10794 10849 10847 10832 10859 10958 10968 10975 10964 10964 10945 10911 10894 11000 10982 10992
11018 11050 11077 11109 11093 11164 11120 11012 11038 10970 10890 10938 10983 11018 11054 11152 11188 11126 11126 11161 11107 11131 11175 11252 11359 11343 11435 11482 11462 11516 11594 11588 11503 11548 11576 11572 11509 11489 11453 11376 11395 11410 11380 11380 11321 11338 11372 11427 11374 11401 11496 11495 11541 11578 11648 11561 11571 11580 11485 11493
11513 11507 11642 11648 11677 11675 11641 11663 11628 11597 11576 11603 11549 11607 11603 11663 11631 11623 11596 11623 11618 11599 11692 11802 11795 11850 11883 11913 11913 11832 11822 11806 11818 11940 11991 11957 11916 11933 11921 11865 11937 11912 11836 11722 11824 11960 12155 12256 12332 12461 12448 12348 12269 12266 12230 12169 12091 12165 12180 12188
12289 12226 12274 12300 12346 12401 12373 12494 12429 12456 12475 12450 12409 12464 12475 12458 12556 12485 12527 12625 12626 12631 12573 12574 12418 12304 12255 12108 12072 12102 12080 12196 12230 12412 12676 12721 12597 12628 12682 12693 12727 12774 12818 12762 12802 12854 12890 12844 12945 12938 13008 13057 13052 12973 12940 12933 13031 13054 13060 13095
13091 13049 12983 12951 12972 12962 12999 13052 13119 13201 13197 13251 13310 13340 13304 13376 13350 13453 13417 13456 13444 13428 13485 13486 13553 13570 13593 13624 13686 13667 13550 13611 13727 13732 13734 13753 13771 13823 13867 13867 13972 13983 14036 14086 14118 14078 14061 14027 14001 13999 14003 13971 13963 13980 13984 14052 14069 14104 14104 14113
14111 14130 14175 14199 14180 14141 14118 14062 14073 14145 14121 14185 14162 14168 14160 14127 14128 14126 14178 14164 14159 14220 14254 14286 14316 14295 14241 14323 14373 14364 14342 14395 14357 14398 14410 14399 14515 14580 14617 14637 14606 14620 14606 14595 14645 14766 14927 15031 15137 15220 15216 15253 15205 15194 15047 15017 14982 15009 15057 15093
15130 15138 15119 15066 15073 15222 15262 15266 15296 15261 15331 15304 15292 15265 15283 15242 15166 15082 14919 14788 14745 14708 14755 14823 14812 14874 14997 15151 15102 15105 15079 15063 15138 15166 15184 15206 15226 15166 15174 15174 15187 15102 15119 15004 15054 14984 15008 14975 14941 14962 15002 15000 15077 15133 15176 15238 15256 15208 15262 15262
15196 15230 15264 15244 15191 15152 15083 15078 15063 15130 15159 15147 15136 15092 15087 15021 15068 14987 14975 15026 15079 15109 15082 15117 15123 15089 15114 15172 15165 15229 15174 15087 15005 14999 15004 14958 14935 14957 14968 14937 14872 14888 14857 14900 14853 14844 14856 14807 14822 14876 14930 14941 14838 14777 14806 14819 14893 14902 15023 15059
15132 15188 15149 15143 15117 15166 15146 15179 15223 15204 15189 15154 15212 15362 15342 15293 15430 15597 15679 15724 15824 15883 15902 15772 15704 15471 15336 15141 15188 15190 15174 15205 15242 15350 15390 15406 15369 15324 15385 15427 15381 15372 15415 15442 15296 15304 15329 15340 15355 15391 15333 15344 15416 15474 15513 15510 15531 15506 15521 15524
15539 15522 15581 15533 15534 15551 15587 15666 15591 15533 15490 15340 15241 15199 15193 15177 15082 15065 15087 15206 15311 15478 15615 15594 15598 15644 15702 15773 15814 15767 15735 15718 15692 15677 15724 15802 15814 15836 15786 15838 15815 15792 15839 15889 15924 15947 15984 15900 15930 15835 15876 15934 15820 15790 15822 15815 15877 15797 15814 15842
15898 15929 15912 15887 15851 15841 15811 15720 15799 15829 15850 15853 15885 15965 15939 15917 15857 15967 15946 16021 16005 16053 16085 16056 16045 16025 15918 15935 15971 15929 15882 15853 15866 15918 15910 15918 15947 15956 16045 16147 16142 16145 16119 16145 16231 16253 16307 16379 16443 16379 16348 16310 16259 16181 16205 16165 16136 16102 16045 16058
16110 16117 16096 16144 16166 16313 16470 16627 16792 16819 16844 16909 16887 16804 16735 16783 16654 16754 16777 16813 16820 16828 16855 16982 17057 17109 17074 17103 17056 17035 17004 16823 16789 16706 16711 16780 16728 16626 16568 16523 16492 16520 16625 16550 16575 16540 16549 16518 16528 16532 16498 16449 16551 16579 16566 16588 16513 16514 16588 16664
16604 16613 16599 16512 16430 16429 16445 16455 16573 16577 16632 16579 16598 16574 16490 16646 16627 16633 16653 16711 16706 16716 16720 16727 16794 16832 16879 16893 16930 16935 16963 17015 17075 17144 17116 17073 17063 17055 17069 16986 16938 16947 16956 16893 16842 16796 16676 16585 16499 16409 16376 16418 16432 16561 16773 16866 16972 16955 16901 16911
16972 17005 17082 17152 17080 17103 17115 17117 17093 17054 17041 17041 17118 17115 17176 17152 17175 17178 17239 17297 17353 17321 17417 17453 17465 17401 17418 17431 17374 17305 17400 17442 17468 17432 17373 17463 17598 17551 17431 17519 17484 17558 17564 17599 17555 17638 17681 17710 17678 17693 17719 17731 17763 17717 17714 17715 17756 17777 17811 17860
17949 17879 17865 17932 17879 18008 18001 17971 17922 17910 17937 17909 18011 18056 18196 18373 18484 18570 18625 18656 18613 18575 18498 18423 18317 18172 18245 18229 18282 18365 18323 18375 18413 18397 18360 18401 18406 18440 18419 18417 18453 18430 18479 18568 18549 18528 18561 18518 18525 18441 18420 18310 18298 18371 18352 18295 18294 18309 18275 18235
18307 18348 18354 18411 18385 18386 18442 18429 18448 18397 18339 18404 18480 18477 18556 18616 18566 18485 18440 18512 18399 18338 18207 18134 18103 18177 18215 18237 18291 18459 18545 18669 18736 18753 18745 18679 18699 18715 18777 18774 18828 18955 18949 18909 18883 18800 18819 18766 18724 18675 18627 18611 18630 18664 18648 18559 18552 18625 18683 18713
18740 18740 18795 18838 18847 18874 18951 18975 19001 18987 18944 18988 18989 18983 19026 19066 19024 18993 19093 19070 18970 18885 18864 18884 18847 18914 18884 18877 18897 18868 18915 18861 18861 18846 18847 18924 18884 18859 18859 18827 18862 18827 18772 18808 18821 18744 18759 18695 18696 18726 18714 18743 18810 18854 18785 18783 18759 18766 18767 18775
18761 18778 18774 18803 18735 18817 18808 18792 18780 18762 18768 18719 18683 18713 18635 18570 18673 18798 18879 18893 18973 18980 18902 18823 18766 18626 18505 18456 18487 18469 18421 18423 18472 18433 18448 18425 18478 18462 18563 18560 18455 18475 18449 18472 18399 18434 18441 18439 18418 18466 18548 18591 18623 18651 18650 18591 18535 18511 18459 18388
18397 18320 18401 18454 18471 18355 18370 18321 18377 18330 18430 18367 18418 18439 18497 18465 18302 18197 18162 18118 18025 17991 18097 18153 18315 18536 18629 18728 18695 18731 18598 18597 18590 18563 18618 18621 18576 18533 18489 18503 18522 18576 18628 18565 18597 18526 18621 18704 18631 18696 18592 18545 18513 18481 18519 18466 18458 18536 18533 18556
18585 18629 18699 18749 18693 18676 18680 18746 18697 18648 18659 18593 18606 18497 18459 18435 18447 18429 18439 18491 18481 18491 18496 18433 18430 18389 18346 18472 18489 18561 18593 18666 18582 18545 18494 18483 18518 18573 18593 18595 18656 18665 18616 18656 18686 18675 18686 18636 18648 18595 18679 18693 18712 18581 18591 18506 18497 18590 18612 18652
18654 18660 18661 18696 18742 18718 18734 18818 18756 18708 18743 18756 18738 18743 18794 18719 18726 18749 18712 18680 18740 18771 18772 18781 18714 18668 18667 18602 18742 18958 19066 19159 19340 19416 19294 19268 19171 19024 18995 18899 18961 18892 18929 18845 18824 18930 18972 19010 19003 18970 18936 18900 18858 18858 18915 18916 18845 18902 18903 18948
18902 18987 19003 18962 18959 18973 19009 19013 19035 19091 19106 19153 19147 19169 19112 19168 19194 19169 18978 18887 18799 18669 18563 18555 18603 18613 18688 18831 18945 19126 19126 19064 18998 18985 18882 18887 18903 18918 18892 18969 19003 19017 19040 19005 18998 19035 19025 18956 18964 18976 19000 18965 18955 18941 18882 18900 18904 18875 18777 18766
18774 18785 18776 18847 18857 18911 18907 18901 18976 19016 19071 19064 19064 19130 19190 19192 19115 19148 19148 19201 19328 19316 19279 19196 19159 19180 19194 19209 19245 19316 19349 19437 19369 19387 19372 19355 19450 19426 19500 19528 19538 19531 19548 19532 19509 19544 19655 19633 19643 19661 19714 19789 19773 19706 19643 19685 19775 19772 19739 19827
19788 19830 19801 19828 19864 19805 19918 19889 19929 19957 19962 19994 19994 20037 20000 20006 20060 20120 20120 20128 20158 20185 20176 20142 20209 20210 20290 20271 20306 20241 20275 20328 20375 20359 20329 20393 20440 20284 20327 20247 20203 20361 20526 20548 20694 20603 20637 20533 20466 20361 20199 20103 20048 20031 20011 19985 20071 20088 20090 20099
20022 20019 20035 20043 20108 20161 20087 20097 20066 20024 20026 19986 19960 19935 19979 20045 20043 20059 20090 20080 20088 20104 19924 19827 19724 19664 19597 19532 19573 19640 19837 19919 19985 20080 20060 20090 20102 20114 20120 20167 20146 20242 20289 20247 20223 20254 20259 20185 20160 20154 20173 20162 20143 20075 20103 20048 20076 20076 20059 20053
20157 20186 20143 20177 20260 20215 20210 20230 20254 20159 20191 20241 20261 20246 20316 20286 20233 20231 20329 20315 20351 20407 20370 20312 20319 20384 20516 20507 20544 20518 20450 20525 20544 20549 20588 20598 20586 20576 20553 20596 20587 20629 20644 20574 20596 20627 20615 20561 20603 20698 20681 20654 20544 20531 20501 20571 20574 20527 20528 20538
20510 20549 20515 20533 20501 20447 20508 20515 20583 20574 20514 20519 20477 20577 20568 20604 20628 20654 20617 20491 20571 20556 20529 20557 20563 20611 20670 20726 20791 20858 20896 20894 20913 20945 20941 20902 20912 20764 20795 20904 21062 21201 21257 21411 21474 21449 21336 21247 21170 21091 20925 20967 21048 21051 21058 21041 21049 21122 21063 21140
21177 21177 21151 21067 21083 21008 21099 21043 21046 21038 20915 20900 20914 20943 20940 21022 21068 21163 21111 20998 20904 20814 20846 20854 20881 20908 21007 21113 21284 21357 21380 21414 21394 21384 21402 21373 21357 21363 21308 21364 21394 21424 21382 21415 21482 21623 21621 21512 21572 21533 21572 21621 21656 21701 21698 21622 21739 21757 21718 21749
21768 21799 21774 21937 22010 22046 22044 21975 21994 22010 22046 22103 22090 22121 22230 22253 22265 22243 22244 22220 22197 22254 22238 22243 22227 22305 22310 22319 22372 22365 22243 22248 22248 22238 22237 22198 22136 22042 22069 22095 22102 22107 22126 22123 22114 22226 22250 22270 22357 22416 22504 22512 22496 22541 22604 22627 22692 22637 22613 22560
22504 22531 22626 22556 22568 22588 22525 22559 22686 22825 22916 23059 23081 23142 23150 23089 23021 22953 22805 22674 22660 22540 22619 22633 22641 22651 22624 22554 22604 22594 22479 22438 22423 22382 22468 22503 22530 22552 22435 22439 22456 22513 22491 22472 22423 22481 22457 22442 22493 22496 22583 22646 22720 22724 22709 22645 22682 22697 22654 22663
22698 22739 22714 22752 22802 22858 22901 22929 22916 22911 22893 22890 22942 22967 22895 22885 22931 22883 22879 22883 22998 23093 23091 23079 23034 22982 22985 23004 22973 22994 22992 22987 22821 22685 22560 22449 22486 22467 22478 22530 22662 22737 22862 23041 23015 22981 23013 23128 23131 23130 23168 23194 23259 23258 23166 23254 23191 23209 23158 23217
23219 23252 23222 23223 23174 23268 23270 23254 23307 23223 23207 23196 23204 23240 23319 23317 23333 23274 23225 23330 23314 23231 23197 23205 23256 23319 23295 23197 23149 23064 23138 23116 23175 23198 23345 23319 23254 23252 23267 23285 23206 23154 23151 23180 23174 23207 23253 23236 23338 23333 23288 23344 23352 23406 23385 23397 23426 23504 23547 23514
23472 23440 23430 23439 23495 23520 23574 23640 23630 23650 23656 23570 23584 23616 23487 23480 23471 23500 23388 23388 23401 23464 23471 23391 23394 23462 23521 23569 23611 23671 23625 23644 23611 23776 23798 23906 23979 23986 23930 24046 24016 23920 23841 23680 23556 23612 23614 23574 23612 23607 23632 23590 23603 23629 23646 23577 23548 23656 23702 23705
23716 23636 23668 23610 23575 23545 23590 23594 23660 23649 23661 23709 23653 23653 23713 23709 23739 23736 23735 23689 23676 23534 23350 23233 23060 23055 23006 23052 23090 23170 23269 23355 23477 23506 23422 23412 23394 23365 23353 23349 23323 23342 23320 23343 23351 23405 23425 23466 23526 23459 23445 23529 23569 23616 23565 23582 23581 23579 23585 23558
23529 23499 23500 23447 23472 23520 23480 23443 23404 23338 23350 23304 23255 23288 23279 23267 23228 23262 23340 23339 23337 23345 23286 23309 23311 23315 23365 23368 23411 23441 23427 23395 23378 23310 23262 23262 23229 23272 23284 23293 23333 23293 23217 23177 23206 23168 23137 23206 23179 23115 23142 23248 23304 23307 23336 23364 23400 23355 23400 23394
23449 23518 23528 23564 23477 23545 23563 23593 23593 23544 23588 23511 23488 23465 23416 23426 23479 23445 23417 23463 23406 23427 23431 23444 23480 23405 23340 23351 23338 23364 23380 23380 23353 23269 23309 23289 23283 23260 23296 23365 23384 23366 23319 23374 23323 23395 23453 23503 23657 23800 23826 23834 23800 23773 23664 23621 23530 23432 23350 23330
23330 23247 23159 23157 23114 23088 23087 23071 23162 23209 23209 23269 23254 23299 23309 23393 23447 23450 23281 23199 23140 22991 22861 22793 22804 22851 23016 23220 23336 23423 23432 23374 23286 23321 23292 23308 23370 23381 23412 23322 23361 23273 23333 23373 23334 23374 23350 23339 23305 23320 23265 23255 23267 23170 23235 23239 23243 23260 23268 23329
23358 23347 23338 23298 23260 23294 23241 23212 23276 23281 23299 23404 23386 23410 23364 23420 23383 23320 23347 23347 23220 23163 23236 23257 23217 23212 23224 23291 23311 23249 23279 23277 23236 23179 23214 23184 23262 23267 23312 23343 23293 23293 23272 23264 23291 23283 23357 23285 23346 23279 23267 23294 23279 23234 23224 23214 23263 23277 23302 23285
23194 23244 23259 23313 23251 23213 23129 23147 23158 23159 23190 23287 23331 23356 23362 23432 23477 23452 23455 23479 23487 23564 23547 23503 23463 23451 23640 23784 23896 23958 24055 24078 24059 24038 23935 23849 23826 23808 23766 23679 23702 23654 23669 23676 23672 23660 23682 23743 23551 23472 23415 23549 23486 23526 23577 23552 23619 23673 23647 23726
23751 23825 23812 23692 23723 23752 23789 23777 23837 23792 23665 23668 23602 23517 23464 23503 23518 23577 23588 23599 23598 23574 23517 23559 23591 23610 23532 23537 23470 23470 23320 23207 23047 22957 22992 22941 23014 23135 23212 23355 23498 23603 23566 23477 23373 23394 23337 23290 23322 23256 23247 23335 23329 23356 23386 23321 23351 23345 23336 23308
23253 23207 23155 23131 23078 22989 23041 23061 23027 23003 23057 22969 22935 22960 22942 22948 23019 22962 22934 23022 22993 23000 23076 23141 23121 23067 23030 23015 23046 23103 23072 23047 23092 23060 23063 23021 23114 23175 23234 23260 23286 23351 23316 23387 23341 23301 23360 23322 23312 23344 23347 23413 23416 23307 23310 23272 23263 23198 23231 23279
23270 23262 23299 23326 23381 23396 23379 23442 23439 23393 23402 23449 23546 23458 23382 23376 23327 23372 23446 23316 23437 23507 23594 23576 23500 23551 23561 23540 23512 23552 23546 23536 23523 23531 23549 23530 23594 23516 23468 23438 23476 23568 23715 23786 23916 24072 24202 24290 24329 24297 24186 24212 24137 23966 23796 23682 23685 23752 23760 23697
23586 23555 23618 23627 23532 23550 23560 23635 23666 23705 23673 23716 23711 23749 23735 23747 23766 23604 23457 23360 23287 23249 23222 23195 23279 23322 23442 23534 23659 23752 23769 23706 23706 23695 23678 23765 23749 23724 23691 23671 23636 23649 23674 23729 23620 23557 23593 23567 23585 23521 23555 23609 23596 23530 23549 23560 23537 23537 23476 23434
23353 23319 23319 23319 23393 23393 23475 23507 23523 23566 23570 23609 23566 23548 23502 23492 23608 23570 23571 23630 23599 23613 23578 23557 23605 23563 23615 23593 23640 23638 23712 23711 23722 23747 23683 23715 23707 23739 23638 23647 23562 23606 23641 23708 23760 23788 23899 23935 23888 23932 23965 23965 24041 24090 24139 24148 24138 24150 24239 24306
24317 24406 24398 24375 24433 24365 24402 24475 24494 24551 24528 24566 24653 24658 24747 24728 24731 24779 24838 24787 24771 24834 24859 24739 24765 24808 24789 24762 24651 24689 24685 24657 24575 24568 24518 24474 24511 24477 24519 24578 24639 24736 24767 24953 24969 25048 25159 25196 25223 25161 25106 24936 24881 24744 24620 24634 24613 24616 24695 24767
24855 24879 24931 24895 24903 25025 24952 24938 24858 24870 24866 24838 24776 24812 24840 24841 24748 24770 24715 24687 24654 24650 24708 24792 24772 24807 24798 24872 24791 24821 24847 24807 24753 24824 24803 24853 24891 24835 24862 24914 24936 24954 24938 24805 24623 24594 24524 24420 24428 24451 24429 24448 24564 24698 24840 24844 24824 24823 24815 24821
24866 24906 24948 24979 24917 24920 25005 24990 24946 24946 24889 24858 24812 24835 24835 24833 24823 24884 25033 25050 25074 25045 25049 25075 25003 25024 24992 25007 25008 25017 25017 24991 25064 25115 25144 25165 25104 25174 25180 25160 25141 25085 25117 25136 25176 25233 25177 25225 25289 25200 25234 25237 25230 25241 25299 25273 25153 25137 25228 25297
25237 25365 25391 25541 25686 25766 25775 25764 25765 25705 25587 25480 25295 25343 25320 25280 25305 25145 25242 25271 25242 25272 25334 25212 25185 25201 25183 25150 25109 25187 25170 25200 25151 25153 25151 25107 25110 25117 25154 25208 25244 25346 25337 25369 25279 25316 25350 25236 25283 25266 25262 25213 25114 25137 25174 25155 25120 25113 25157 25150
25227 25296 25308 25301 25368 25357 25429 25447 25489 25468 25388 25342 25380 25368 25432 25322 25345 25329 25250 25147 25121 25149 25216 25181 25225 25252 25234 25233 25285 25236 25200 25176 25180 25051 25111 25173 25228 25284 25354 25391 25389 25358 25265 25219 25094 25023 24926 24915 24882 24963 25118 25254 25430 25580 25550 25542 25505 25535 25575 25462
25491 25515 25514 25597 25629 25688 25665 25737 25658 25644 25616 25638 25627 25649 25716 25737 25660 25651 25638 25734 25786 25797 25658 25648 25589 25621 25574 25528 25463 25431 25407 25389 25404 25444 25520 25530 25454 25441 25410 25480 25482 25546 25649 25687 25671 25677 25669 25723 25715 25662 25635 25607 25670 25757 25802 25804 25871 25924 25940 25974
25981 25999 26107 26072 26032 25981 25911 25956 25945 25974 26044 26010 26029 26009 25986 26018 25960 25952 25895 25868 25927 25954 25931 25870 25891 25874 25873 25883 25879 25837 25827 25819 25798 25836 25776 25741 25788 25948 26087 26176 26209 26239 26199 26093 25945 25901 25755 25601 25656 25662 25641 25706 25752 25766 25667 25745 25698 25735 25656 25640
25613 25638 25599 25611 25626 25545 25618 25612 25567 25516 25558 25619 25637 25697 25804 25861 25941 26015 26089 26182 26262 26280 26290 26262 26331 26296 26277 26192 26043 26013 26001 25916 25980 25987 26090 26178 26279 26411 26561 26577 26553 26567 26499 26569 26689 26654 26759 26718 26740 26671 26637 26656 26729 26728 26728 26695 26717 26651 26705 26678
26677 26728 26774 26694 26639 26575 26644 26684 26582 26570 26591 26643 26628 26602 26570 26517 26530 26464 26457 26411 26393 26369 26485 26508 26448 26446 26463 26412 26378 26357 26368 26399 26377 26329 26359 26353 26369 26353 26441 26392 26349 26296 26348 26365 26409 26365 26316 26295 26303 26359 26352 26327 26307 26242 26206 26187 26250 26238 26215 26234
26243 26236 26229 26311 26311 26349 26427 26433 26411 26357 26394 26540 26661 26849 27020 26970 27007 26971 26930 26909 26793 26630 26497 26424 26429 26273 26295 26241 26231 26219 26232 26245 26213 26203 26184 26230 26229 26284 26326 26310 26341 26335 26335 26417 26392 26411 26346 26283 26225 26214 26206 26272 26330 26372 26372 26347 26390 26461 26475 26535
26551 26680 26674 26694 26716 26704 26769 26815 26791 26795 26895 26867 26786 26737 26699 26776 26729 26728 26749 26733 26738 26746 26764 26765 26817 26800 26891 26918 26926 26875 26809 26860 26934 26954 26980 27036 26872 26794 26643 26542 26457 26455 26435 26463 26545 26590 26676 26729 26725 26678 26757 26697 26763 26714 26709 26738 26726 26731 26755 26770
26799 26791 26688 26709 26763 26767 26746 26686 26743 26730 26770 26748 26700 26657 26691 26650 26644 26682 26641 26605 26631 26649 26634 26634 26625 26704 26632 26664 26796 26825 26845 26747 26767 26801 26846 26846 26799 26770 26759 26836 26804 26762 26814 26737 26767 26684 26708 26673 26775 26708 26698 26767 26798 26781 26804 26822 26819 26810 26824 26809
26790 26804 26876 26887 26935 26935 26866 26918 26892 26886 26909 26880 26842 26933 26928 26895 26900 26877 26834 26817 26817 26840 26904 26938 26952 26909 26946 26972 26966 27012 26971 26951 27021 27064 27116 27121 27143 27137 27211 27267 27299 27301 27247 27240 27263 27231 27357 27411 27521 27585 27701 27768 27797 27744 27651 27622 27493 27440 27401 27430
27481 27457 27544 27565 27619 27658 27628 27587 27668 27692 27673 27710 27759 27748 27779 27799 27783 27745 27818 27862 27887 27963 27940 27972 28001 27979 27916 27989 27955 27938 27925 27947 27904 27900 27895 27914 27855 27838 27887 27965 27943 28014 28012 28071 28013 28132 28171 28096 27938 27765 27773 27735 27743 27749 27800 27895 27988 28117 28220 28215
28192 28139 28115 28147 28159 28131 28094 28122 28080 28080 28103 28108 28114 28085 28033 28065 28065 28117 28060 28075 28111 28116 28197 28182 28150 28100 28154 28159 28150 28203 28220 28197 28225 28301 28305 28336 28289 28302 28262 28274 28363 28283 28240 28222 28160 28138 28172 28198 28245 28227 28232 28285 28402 28344 28354 28397 28420 28426 28476 28582
28624 28571 28594 28609 28607 28509 28491 28443 28417 28393 28343 28358 28305 28462 28603 28698 28897 29076 29080 29048 29042 28952 28808 28740 28653 28715 28688 28694 28702 28740 28807 28799 28849 28906 28817 28824 28776 28775 28818 28833 28931 28917 28957 29004 28885 28898 28969 29028 29021 29010 29105 29084 29091 29101 29161 29228 29270 29265 29267 29224
29278 29301 29299 29260 29319 29298 29335 29301 29163 29200 29216 29335 29230 29105 28972 28969 28884 28838 28800 28858 28887 28970 29064 29180 29159 29224 29189 29202 29235 29305 29343 29429 29449 29426 29378 29366 29419 29507 29502 29506 29602 29649 29639 29697 29636 29645 29662 29718 29748 29709 29784 29806 29810 29845 29735 29756 29781 29799 29869 29904
29904 29942 29910 29917 29957 29997 30000 30034 30039 30081 30066 30157 30164 30169 30233 30123 30075 30026 30052 29973 29973 29909 29926 29926 29853 29862 29838 29833 29826 29841 29796 29743 29874 29930 29936 29908 29898 29958 29912 29872 29833 29846 29820 29889 29841 29861 29785 29792 29798 29931 29987 29963 29982 30015 30029 30005 30015 30026 30098 30121
