0 -43 -32 -31 -48 26 45 -54 -72 -121 -146 -199 -202 -231 -178 -179 -121 -111 -111 -51 -78 -222 -230 -247 -186 -201 -198 -154 -198 -284 -201 -236 -206 -143 -130 -125 -164 -148 -146 -199 -206 -216 -254 -180 -273 -284 -289 -386 -387 -395 -358 -307 -268 -316 -285 -277 -302 -238 -168 -151
-182 -216 -212 -191 -277 -179 -214 -182 -217 -253 -210 -209 -273 -290 -274 -282 -337 -264 -194 -210 -168 -178 -127 -190 -165 -83 -136 -127 -204 -174 -123 -248 -186 -187 -171 -108 -93 -67 -137 -164 -76 58 233 305 354 291 384 187 125 78 -92 -157 -204 -197 -206 -247 -244 -251 -295 -185
-133 -192 -332 -539 -637 -708 -804 -782 -780 -788 -701 -628 -472 -364 -369 -372 -378 -383 -293 -348 -246 -300 -290 -303 -389 -463 -508 -574 -469 -383 -362 -428 -460 -460 -431 -450 -491 -596 -516 -489 -518 -578 -540 -607 -559 -556 -545 -518 -491 -410 -309 -308 -358 -343 -312 -240 -369 -296 -246 -251
-289 -277 -272 -226 -263 -254 -260 -155 -110 -104 -159 -172 -167 -114 -125 -71 -127 -166 -124 -169 -143 -153 -160 -244 -273 -224 -93 -51 -52 0 65 22 -57 -9 28 37 79 104 143 151 150 88 117 165 82 0 -15 13 5 -27 -90 -80 -109 -217 -273 -330 -236 -345 -307 -305
-276 -308 -258 -136 2 102 222 318 386 427 410 322 253 143 -24 44 122 117 63 83 1 41 84 83 93 68 163 231 247 370 437 437 393 326 391 363 322 297 274 266 193 150 157 56 161 185 145 103 136 149 108 162 202 202 220 196 239 239 157 196
279 279 312 326 343 416 326 427 434 471 439 445 362 358 365 322 311 313 319 420 448 464 533 586 581 640 633 534 523 483 539 529 554 539 521 533 566 446 402 419 439 493 489 482 491 449 438 342 207 110 143 66 70 79 229 297 391 483 582 645
590 602 515 479 525 490 407 367 377 341 333 414 352 278 300 320 294 304 272 265 278 332 352 396 413 367 398 415 435 410 410 370 315 276 316 366 438 432 432 385 374 379 437 493 487 475 517 514 465 495 531 493 504 505 513 471 497 518 630 655
545 551 542 548 584 665 625 679 641 611 657 606 560 604 557 593 587 614 564 564 584 622 678 583 582 719 685 687 673 705 739 750 721 889 964 1012 1040 1144 1252 1085 1143 958 892 760 631 666 663 731 721 730 720 711 707 689 765 810 901 968 956 1005
1066 1035 1087 1088 1054 983 816 829 783 794 776 594 470 362 282 294 270 294 376 430 514 636 720 711 721 709 734 730 686 743 788 795 774 765 721 758 735 771 805 777 810 812 832 846 799 789 763 796 886 934 994 1002 1002 1059 1118 1154 1179 1136 1088 1067
1039 1023 1088 1086 1080 1054 1075 1110 1061 1142 1146 1060 1103 1054 1092 1083 1019 983 992 918 980 971 940 940 887 887 886 967 993 1017 1070 1016 941 945 964 1040 1054 1096 1237 1199 1198 1116 1052 1124 1100 1170 1249 1266 1255 1269 1226 1229 1169 1133 1058 1066 1121 1191 1241 1255
1255 1250 1216 1262 1342 1340 1271 1252 1262 1359 1310 1288 1377 1375 1434 1336 1333 1316 1431 1543 1428 1381 1438 1440 1414 1423 1331 1388 1405 1414 1463 1447 1489 1519 1503 1451 1408 1483 1483 1408 1473 1449 1611 1740 1868 1948 1987 2067 2022 1939 1904 1909 1728 1494 1505 1529 1513 1505 1601 1668
1600 1562 1542 1611 1715 1684 1686 1637 1721 1658 1597 1629 1623 1697 1713 1738 1759 1771 1723 1707 1715 1799 1864 1847 1889 1939 1887 1850 1860 1737 1524 1501 1490 1476 1478 1536 1609 1707 1808 1973 2064 2048 2032 2015 2056 2066 2068 2054 2065 2129 2154 2236 2160 2208 2182 2163 2105 2127 2228 2175
2091 2147 2269 2281 2309 2375 2359 2373 2328 2352 2347 2353 2394 2462 2497 2513 2394 2310 2309 2270 2270 2305 2281 2310 2432 2456 2554 2606 2588 2615 2578 2517 2650 2660 2624 2576 2637 2573 2518 2464 2408 2379 2424 2490 2612 2562 2513 2509 2447 2463 2373 2355 2348 2416 2360 2345 2366 2387 2381 2384
2421 2443 2427 2473 2455 2492 2438 2417 2515 2606 2738 2910 2931 2910 2934 2898 2774 2658 2619 2419 2411 2438 2427 2419 2400 2406 2417 2393 2438 2406 2476 2519 2532 2543 2511 2498 2527 2591 2632 2658 2708 2748 2674 2732 2719 2734 2753 2733 2741 2794 2841 2805 2850 2835 2817 2829 2786 2793 2837 2852
2873 2899 2937 2953 2933 2943 2873 2896 2941 2958 2974 2904 2899 2945 2955 2946 2953 2756 2604 2552 2523 2469 2461 2473 2458 2505 2675 2824 2962 3005 3008 3042 3029 3109 3133 3159 3127 3043 2974 2931 2884 2933 2961 3007 2988 2991 3011 3051 2967 3023 3095 3130 3167 3274 3272 3195 3202 3258 3257 3236
3250 3280 3323 3254 3204 3204 3251 3315 3222 3179 3064 3090 3197 3113 3125 3139 3114 3153 3090 3154 3157 3123 3093 3162 3193 3156 3199 3181 3197 3323 3387 3308 3327 3260 3257 3289 3299 3316 3375 3377 3452 3432 3614 3529 3618 3602 3571 3592 3527 3458 3368 3332 3408 3442 3476 3577 3620 3652 3631 3646
3692 3645 3680 3696 3596 3628 3682 3699 3725 3729 3679 3619 3784 3899 4111 4281 4306 4316 4287 4218 4157 4015 3920 3813 3850 3809 3814 3799 3808 3782 3830 3798 3880 3990 4087 4091 4096 4119 4052 4011 4004 4065 3976 3928 3890 3848 3814 3827 3861 3949 3939 4040 3991 3929 3992 3962 4011 4019 3916 3978
4032 3926 3780 3682 3536 3487 3489 3484 3442 3547 3698 3789 3940 3986 3947 4017 4015 3969 3898 3950 3856 3955 3873 3971 4011 4020 4046 4008 3965 3959 3992 3965 3915 3855 3901 3898 3907 3915 3915 3954 4068 4143 4151 4078 4122 4112 4148 4114 4052 4121 4042 4059 4071 4114 4084 3994 3883 3955 3956 4006
3937 3908 3898 3924 3981 3952 3982 3965 3976 4028 3965 4007 3999 4002 3988 3959 4080 4070 4064 4075 4122 4112 4135 4185 4188 4147 4154 4163 4137 4126 4151 4253 4298 4272 4222 4149 4109 4063 4019 4027 3997 4025 4066 4107 4132 4090 4092 4055 4031 3983 4020 4090 4127 4165 4135 4200 4272 4252 4248 4287
4301 4326 4325 4389 4368 4394 4426 4373 4570 4721 4798 4904 5056 5110 5027 4951 4887 4728 4674 4586 4548 4607 4678 4696 4799 4732 4771 4816 4826 4772 4730 4675 4706 4735 4805 4798 4799 4789 4879 4903 4883 4918 4961 4914 4899 4915 4911 4888 4814 4855 4858 4892 4939 4990 5074 5135 5125 5121 5015 5042
5136 5078 5094 5137 5140 5196 5227 5148 5146 5174 5227 5318 5319 5310 5329 5360 5324 5340 5306 5290 5210 5230 5253 5247 5275 5226 5314 5316 5319 5322 5392 5425 5370 5336 5262 5292 5348 5425 5408 5444 5429 5389 5233 5038 4978 4871 4919 4881 4871 4905 4932 4941 5086 5158 5218 5282 5257 5195 5234 5365
5460 5475 5484 5502 5517 5548 5561 5515 5474 5508 5593 5638 5574 5651 5666 5649 5652 5607 5668 5632 5675 5677 5739 5819 5689 5701 5730 5761 5787 5789 5828 5828 5865 5880 5898 5985 5940 5963 5994 6006 5989 6001 6134 6117 6108 6031 6008 6071 6040 5976 5946 5945 5919 5905 5880 5913 5950 5962 6005 6054
6011 6022 5983 6180 6280 6375 6489 6568 6615 6639 6583 6449 6345 6236 6140 6083 6117 6089 6060 6112 6049 6059 6119 6072 6054 6053 6042 6071 6040 5991 5996 6039 6022 6020 5996 6027 5997 5937 5874 5985 5931 5966 5890 5869 5965 6103 6216 6211 6193 6232 6267 6298 6277 6248 6248 6275 6250 6215 6197 6230
6212 6233 6246 6271 6279 6250 6181 6143 6162 6181 6249 6223 6290 6315 6370 6341 6385 6438 6484 6586 6661 6656 6721 6710 6751 6745 6779 6786 6825 6816 6763 6781 6786 6764 6711 6709 6771 6762 6840 6773 6822 6841 6866 6745 6714 6718 6650 6521 6425 6450 6434 6402 6357 6424 6483 6544 6624 6750 6715 6691
6691 6690 6707 6758 6725 6795 6848 6850 6882 6924 6952 6950 7002 7061 7044 7033 7033 6990 6973 7032 7010 7025 7055 7010 7026 7006 7114 7159 7108 7154 7166 7215 7188 7160 7115 7221 7191 7191 7235 7235 7176 7221 7280 7373 7344 7329 7327 7315 7364 7287 7292 7273 7232 7215 7267 7306 7362 7399 7398 7398
7463 7467 7498 7523 7521 7499 7582 7562 7548 7636 7686 7712 7785 7866 7974 7990 8107 8105 8150 8145 8011 7977 7806 7711 7711 7773 7779 7803 7795 7762 7863 7927 7925 7967 7981 7977 7975 8050 8079 8064 8004 8010 7969 7938 7985 7946 8031 8061 8091 8074 7999 7956 7974 8018 8106 8239 8344 8332 8378 8390
8415 8472 8522 8570 8586 8582 8621 8663 8710 8612 8605 8556 8551 8548 8627 8702 8671 8624 8536 8432 8310 8257 8286 8273 8368 8385 8506 8602 8706 8835 8795 8798 8805 8752 8789 8844 8771 8732 8738 8813 8858 8780 8810 8827 8815 8854 8793 8710 8706 8731 8727 8721 8757 8762 8774 8798 8820 8813 8785 8801
8745 8759 8743 8686 8659 8667 8690 8638 8661 8675 8640 8619 8557 8584 8553 8576 8656 8716 8672 8546 8525 8448 8453 8362 8322 8297 8274 8209 8225 8234 8172 8203 8206 8210 8247 8294 8220 8245 8223 8194 8303 8342 8367 8369 8343 8426 8316 8336 8244 8363 8436 8353 8381 8292 8375 8428 8369 8358 8447 8327
8376 8375 8284 8341 8395 8425 8425 8339 8468 8698 8770 8919 9018 9042 9045 8955 8855 8800 8656 8477 8406 8458 8391 8343 8453 8496 8461 8411 8443 8421 8461 8379 8504 8462 8519 8479 8471 8496 8488 8476 8577 8603 8512 8465 8473 8487 8474 8474 8442 8433 8382 8360 8295 8340 8322 8315 8288 8295 8318 8287
8305 8310 8210 8314 8299 8339 8376 8384 8359 8296 8413 8389 8444 8446 8467 8476 8512 8445 8516 8536 8595 8586 8541 8538 8579 8569 8645 8624 8614 8630 8556 8554 8544 8503 8575 8600 8650 8510 8381 8284 8249 8164 8197 8239 8288 8390 8506 8582 8632 8628 8659 8640 8661 8681 8627 8663 8578 8570 8581 8578
8588 8546 8540 8615 8657 8610 8701 8698 8742 8723 8782 8785 8806 8805 8810 8854 8812 8914 8921 8924 8936 8890 8805 8779 8745 8670 8560 8509 8447 8447 8506 8530 8460 8459 8439 8463 8546 8541 8619 8519 8461 8390 8427 8366 8331 8389 8396 8378 8346 8334 8382 8312 8300 8272 8274 8304 8339 8302 8251 8254
8252 8203 8243 8278 8294 8329 8415 8389 8281 8272 8254 8247 8230 8275 8213 8262 8263 8268 8254 8326 8272 8301 8402 8452 8505 8581 8555 8500 8446 8311 8249 8078 7988 8021 8034 8090 8064 7997 8059 8071 8107 8151 8071 8045 8023 8040 8123 8085 8085 8089 8056 8067 8179 8160 8151 8082 8125 8132 8106 8033
7988 7915 7954 7835 7717 7672 7585 7599 7535 7562 7571 7685 7766 7933 8081 8084 8031 8016 8016 8081 8046 8062 8099 8097 8129 8121 8182 8203 8224 8346 8338 8431 8417 8292 8420 8535 8433 8412 8356 8395 8492 8512 8542 8417 8397 8460 8481 8534 8496 8506 8534 8541 8521 8584 8607 8615 8583 8719 8699 8704
8728 8704 8779 8785 8766 8746 8772 8809 8753 8742 8783 8729 8762 8811 8811 8860 8865 8883 8841 8876 8853 8863 8863 8951 8868 8876 8826 8768 8763 8832 8914 8879 8959 8913 8944 8863 8808 8862 8822 8854 8960 8953 8994 9050 9076 9076 9129 9117 9062 9117 9080 8995 9005 8995 9053 9045 9065 9062 9052 9113
9135 9159 9188 9163 9225 9235 9238 9244 9291 9259 9210 9280 9337 9331 9444 9498 9522 9497 9608 9573 9553 9579 9578 9622 9743 9746 9737 9785 9906 9925 9979 9988 10004 9914 9972 9969 10079 10221 10399 10468 10467 10525 10533 10470 10392 10363 10233 10088 10122 10177 10175 10173 10174 10195 10195 10212 10219 10282 10242 10266
10325 10325 10254 10306 10409 10494 10460 10446 10464 10492 10494 10351 10162 10025 9974 9930 9968 9959 10012 10063 10185 10358 10501 10508 10501 10521 10500 10424 10353 10356 10317 10320 10323 10338 10232 10240 10152 10100 10082 10084 10075 10137 10121 10091 10015 9993 10087 10174 10142 10286 10288 10197 10147 10109 10057 10101 10126 10137 10102 10153
10104 10103 10073 10069 10076 10088 10187 10231 10195 10269 10286 10233 10233 10259 10228 10234 10204 10271 10273 10313 10263 10263 10197 10113 10114 10054 10027 10052 10071 10181 10258 10211 10231 10241 10256 10249 10255 10229 10329 10203 10198 10210 10172 10098 10093 10100 10131 10072 10056 10036 10027 10022 10020 10096 10175 10227 10227 10230 10236 10267
10228 10273 10297 10315 10322 10298 10287 10349 10418 10409 10388 10449 10391 10428 10365 10359 10248 10303 10326 10383 10323 10322 10354 10400 10415 10371 10306 10258 10192 10160 10159 10088 10099 10119 10232 10304 10275 10336 10438 10590 10635 10723 10702 10693 10715 10695 10709 10723 10589 10427 10398 10395 10448 10510 10491 10431 10400 10386 10428 10451
10429 10421 10443 10449 10538 10529 10467 10514 10533 10600 10630 10479 10481 10482 10389 10327 10384 10433 10455 10383 10402 10449 10400 10396 10255 10154 10115 10064 10087 10111 10186 10321 10400 10530 10656 10748 10720 10718 10721 10718 10718 10724 10817 10792 10794 10849 10847 10832 10859 10958 10968 10975 10964 10964 10945 10911 10894 11000 10982 10992
11018 11050 11077 11109 11093 11164 11120 11012 11038 10970 10890 10938 10983 11018 11054 11152 11188 11126 11126 11161 11107 11131 11175 11252 11359 11343 11435 11482 11462 11516 11594 11588 11503 11548 11576 11572 11509 11489 11453 11376 11395 11410 11380 11380 11321 11338 11372 11427 11374 11401 11496 11495 11541 11578 11648 11561 11571 11580 11485 11493
11513 11507 11642 11648 11677 11675 11641 11663 11628 11597 11576 11603 11549 11607 11603 11663 11631 11623 11596 11623 11618 11599 11692 11802 11795 11850 11883 11913 11913 11832 11822 11806 11818 11940 11991 11957 11916 11933 11921 11865 11937 11912 11836 11722 11824 11960 12155 12256 12332 12461 12448 12348 12269 12266 12230 12169 12091 12165 12180 12188
12289 12226 12274 12300 12346 12401 12373 12494 12429 12456 12475 12450 12409 12464 12475 12458 12556 12485 12527 12625 12626 12631 12573 12574 12418 12304 12255 12108 12072 12102 12080 12196 12230 12412 12676 12721 12597 12628 12682 12693 12727 12774 12818 12762 12802 12854 12890 12844 12945 12938 13008 13057 13052 12973 12940 12933 13031 13054 13060 13095
13091 13049 12983 12951 12972 12962 12999 13052 13119 13201 13197 13251 13310 13340 13304 13376 13350 13453 13417 13456 13444 13428 13485 13486 13553 13570 13593 13624 13686 13667 13550 13611 13727 13732 13734 13753 13771 13823 13867 13867 13972 13983 14036 14086 14118 14078 14061 14027 14001 13999 14003 13971 13963 13980 13984 14052 14069 14104 14104 14113
14111 14130 14175 14199 14180 14141 14118 14062 14073 14145 14121 14185 14162 14168 14160 14127 14128 14126 14178 14164 14159 14220 14254 14286 14316 14295 14241 14323 14373 14364 14342 14395 14357 14398 14410 14399 14515 14580 14617 14637 14606 14620 14606 14595 14645 14766 14927 15031 15137 15220 15216 15253 15205 15194 15047 15017 14982 15009 15057 15093
15130 15138 15119 15066 15073 15222 15262 15266 15296 15261 15331 15304 15292 15265 15283 15242 15166 15082 14919 14788 14745 14708 14755 14823 14812 14874 14997 15151 15102 15105 15079 15063 15138 15166 15184 15206 15226 15166 15174 15174 15187 15102 15119 15004 15054 14984 15008 14975 14941 14962 15002 15000 15077 15133 15176 15238 15256 15208 15262 15262
15196 15230 15264 15244 15191 15152 15083 15078 15063 15130 15159 15147 15136 15092 15087 15021 15068 14987 14975 15026 15079 15109 15082 15117 15123 15089 15114 15172 15165 15229 15174 15087 15005 14999 15004 14958 14935 14957 14968 14937 14872 14888 14857 14900 14853 14844 14856 14807 14822 14876 14930 14941 14838 14777 14806 14819 14893 14902 15023 15059
15132 15188 15149 15143 15117 15166 15146 15179 15223 15204 15189 15154 15212 15362 15342 15293 15430 15597 15679 15724 15824 15883 15902 15772 15704 15471 15336 15141 15188 15190 15174 15205 15242 15350 15390 15406 15369 15324 15385 15427 15381 15372 15415 15442 15296 15304 15329 15340 15355 15391 15333 15344 15416 15474 15513 15510 15531 15506 15521 15524
15539 15522 15581 15533 15534 15551 15587 15666 15591 15533 15490 15340 15241 15199 15193 15177 15082 15065 15087 15206 15311 15478 15615 15594 15598 15644 15702 15773 15814 15767 15735 15718 15692 15677 15724 15802 15814 15836 15786 15838 15815 15792 15839 15889 15924 15947 15984 15900 15930 15835 15876 15934 15820 15790 15822 15815 15877 15797 15814 15842
15898 15929 15912 15887 15851 15841 15811 15720 15799 15829 15850 15853 15885 15965 15939 15917 15857 15967 15946 16021 16005 16053 16085 16056 16045 16025 15918 15935 15971 15929 15882 15853 15866 15918 15910 15918 15947 15956 16045 16147 16142 16145 16119 16145 16231 16253 16307 16379 16443 16379 16348 16310 16259 16181 16205 16165 16136 16102 16045 16058
16110 16117 16096 16144 16166 16313 16470 16627 16792 16819 16844 16909 16887 16804 16735 16783 16654 16754 16777 16813 16820 16828 16855 16982 17057 17109 17074 17103 17056 17035 17004 16823 16789 16706 16711 16780 16728 16626 16568 16523 16492 16520 16625 16550 16575 16540 16549 16518 16528 16532 16498 16449 16551 16579 16566 16588 16513 16514 16588 16664
16604 16613 16599 16512 16430 16429 16445 16455 16573 16577 16632 16579 16598 16574 16490 16646 16627 16633 16653 16711 16706 16716 16720 16727 16794 16832 16879 16893 16930 16935 16963 17015 17075 17144 17116 17073 17063 17055 17069 16986 16938 16947 16956 16893 16842 16796 16676 16585 16499 16409 16376 16418 16432 16561 16773 16866 16972 16955 16901 16911
16972 17005 17082 17152 17080 17103 17115 17117 17093 17054 17041 17041 17118 17115 17176 17152 17175 17178 17239 17297 17353 17321 17417 17453 17465 17401 17418 17431 17374 17305 17400 17442 17468 17432 17373 17463 17598 17551 17431 17519 17484 17558 17564 17599 17555 17638 17681 17710 17678 17693 17719 17731 17763 17717 17714 17715 17756 17777 17811 17860
17949 17879 17865 17932 17879 18008 18001 17971 17922 17910 17937 17909 18011 18056 18196 18373 18484 18570 18625 18656 18613 18575 18498 18423 18317 18172 18245 18229 18282 18365 18323 18375 18413 18397 18360 18401 18406 18440 18419 18417 18453 18430 18479 18568 18549 18528 18561 18518 18525 18441 18420 18310 18298 18371 18352 18295 18294 18309 18275 18235
18307 18348 18354 18411 18385 18386 18442 18429 18448 18397 18339 18404 18480 18477 18556 18616 18566 18485 18440 18512 18399 18338 18207 18134 18103 18177 18215 18237 18291 18459 18545 18669 18736 18753 18745 18679 18699 18715 18777 18774 18828 18955 18949 18909 18883 18800 18819 18766 18724 18675 18627 18611 18630 18664 18648 18559 18552 18625 18683 18713
18740 18740 18795 18838 18847 18874 18951 18975 19001 18987 18944 18988 18989 18983 19026 19066 19024 18993 19093 19070 18970 18885 18864 18884 18847 18914 18884 18877 18897 18868 18915 18861 18861 18846 18847 18924 18884 18859 18859 18827 18862 18827 18772 18808 18821 18744 18759 18695 18696 18726 18714 18743 18810 18854 18785 18783 18759 18766 18767 18775
18761 18778 18774 18803 18735 18817 18808 18792 18780 18762 18768 18719 18683 18713 18635 18570 18673 18798 18879 18893 18973 18980 18902 18823 18766 18626 18505 18456 18487 18469 18421 18423 18472 18433 18448 18425 18478 18462 18563 18560 18455 18475 18449 18472 18399 18434 18441 18439 18418 18466 18548 18591 18623 18651 18650 18591 18535 18511 18459 18388
18397 18320 18401 18454 18471 18355 18370 18321 18377 18330 18430 18367 18418 18439 18497 18465 18302 18197 18162 18118 18025 17991 18097 18153 18315 18536 18629 18728 18695 18731 18598 18597 18590 18563 18618 18621 18576 18533 18489 18503 18522 18576 18628 18565 18597 18526 18621 18704 18631 18696 18592 18545 18513 18481 18519 18466 18458 18536 18533 18556
18585 18629 18699 18749 18693 18676 18680 18746 18697 18648 18659 18593 18606 18497 18459 18435 18447 18429 18439 18491 18481 18491 18496 18433 18430 18389 18346 18472 18489 18561 18593 18666 18582 18545 18494 18483 18518 18573 18593 18595 18656 18665 18616 18656 18686 18675 18686 18636 18648 18595 18679 18693 18712 18581 18591 18506 18497 18590 18612 18652
18654 18660 18661 18696 18742 18718 18734 18818 18756 18708 18743 18756 18738 18743 18794 18719 18726 18749 18712 18680 18740 18771 18772 18781 18714 18668 18667 18602 18742 18958 19066 19159 19340 19416 19294 19268 19171 19024 18995 18899 18961 18892 18929 18845 18824 18930 18972 19010 19003 18970 18936 18900 18858 18858 18915 18916 18845 18902 18903 18948
18902 18987 19003 18962 18959 18973 19009 19013 19035 19091 19106 19153 19147 19169 19112 19168 19194 19169 18978 18887 18799 18669 18563 18555 18603 18613 18688 18831 18945 19126 19126 19064 18998 18985 18882 18887 18903 18918 18892 18969 19003 19017 19040 19005 18998 19035 19025 18956 18964 18976 19000 18965 18955 18941 18882 18900 18904 18875 18777 18766
18774 18785 18776 18847 18857 18911 18907 18901 18976 19016 19071 19064 19064 19130 19190 19192 19115 19148 19148 19201 19328 19316 19279 19196 19159 19180 19194 19209 19245 19316 19349 19437 19369 19387 19372 19355 19450 19426 19500 19528 19538 19531 19548 19532 19509 19544 19655 19633 19643 19661 19714 19789 19773 19706 19643 19685 19775 19772 19739 19827
19788 19830 19801 19828 19864 19805 19918 19889 19929 19957 19962 19994 19994 20037 20000 20006 20060 20120 20120 20128 20158 20185 20176 20142 20209 20210 20290 20271 20306 20241 20275 20328 20375 20359 20329 20393 20440 20284 20327 20247 20203 20361 20526 20548 20694 20603 20637 20533 20466 20361 20199 20103 20048 20031 20011 19985 20071 20088 20090 20099
20022 20019 20035 20043 20108 20161 20087 20097 20066 20024 20026 19986 19960 19935 19979 20045 20043 20059 20090 20080 20088 20104 19924 19827 19724 19664 19597 19532 19573 19640 19837 19919 19985 20080 20060 20090 20102 20114 20120 20167 20146 20242 20289 20247 20223 20254 20259 20185 20160 20154 20173 20162 20143 20075 20103 20048 20076 20076 20059 20053
20157 20186 20143 20177 20260 20215 20210 20230 20254 20159 20191 20241 20261 20246 20316 20286 20233 20231 20329 20315 20351 20407 20370 20312 20319 20384 20516 20507 20544 20518 20450 20525 20544 20549 20588 20598 20586 20576 20553 20596 20587 20629 20644 20574 20596 20627 20615 20561 20603 20698 20681 20654 20544 20531 20501 20571 20574 20527 20528 20538
20510 20549 20515 20533 20501 20447 20508 20515 20583 20574 20514 20519 20477 20577 20568 20604 20628 20654 20617 20491 20571 20556 20529 20557 20563 20611 20670 20726 20791 20858 20896 20894 20913 20945 20941 20902 20912 20764 20795 20904 21062 21201 21257 21411 21474 21449 21336 21247 21170 21091 20925 20967 21048 21051 21058 21041 21049 21122 21063 21140
21177 21177 21151 21067 21083 21008 21099 21043 21046 21038 20915 20900 20914 20943 20940 21022 21068 21163 21111 20998 20904 20814 20846 20854 20881 20908 21007 21113 21284 21357 21380 21414 21394 21384 21402 21373 21357 21363 21308 21364 21394 21424 21382 21415 21482 21623 21621 21512 21572 21533 21572 21621 21656 21701 21698 21622 21739 21757 21718 21749
21768 21799 21774 21937 22010 22046 22044 21975 21994 22010 22046 22103 22090 22121 22230 22253 22265 22243 22244 22220 22197 22254 22238 22243 22227 22305 22310 22319 22372 22365 22243 22248 22248 22238 22237 22198 22136 22042 22069 22095 22102 22107 22126 22123 22114 22226 22250 22270 22357 22416 22504 22512 22496 22541 22604 22627 22692 22637 22613 22560
22504 22531 22626 22556 22568 22588 22525 22559 22686 22825 22916 23059 23081 23142 23150 23089 23021 22953 22805 22674 22660 22540 22619 22633 22641 22651 22624 22554 22604 22594 22479 22438 22423 22382 22468 22503 22530 22552 22435 22439 22456 22513 22491 22472 22423 22481 22457 22442 22493 22496 22583 22646 22720 22724 22709 22645 22682 22697 22654 22663
22698 22739 22714 22752 22802 22858 22901 22929 22916 22911 22893 22890 22942 22967 22895 22885 22931 22883 22879 22883 22998 23093 23091 23079 23034 22982 22985 23004 22973 22994 22992 22987 22821 22685 22560 22449 22486 22467 22478 22530 22662 22737 22862 23041 23015 22981 23013 23128 23131 23130 23168 23194 23259 23258 23166 23254 23191 23209 23158 23217
23219 23252 23222 23223 23174 23268 23270 23254 23307 23223 23207 23196 23204 23240 23319 23317 23333 23274 23225 23330 23314 23231 23197 23205 23256 23319 23295 23197 23149 23064 23138 23116 23175 23198 23345 23319 23254 23252 23267 23285 23206 23154 23151 23180 23174 23207 23253 23236 23338 23333 23288 23344 23352 23406 23385 23397 23426 23504 23547 23514
23472 23440 23430 23439 23495 23520 23574 23640 23630 23650 23656 23570 23584 23616 23487 23480 23471 23500 23388 23388 23401 23464 23471 23391 23394 23462 23521 23569 23611 23671 23625 23644 23611 23776 23798 23906 23979 23986 23930 24046 24016 23920 23841 23680 23556 23612 23614 23574 23612 23607 23632 23590 23603 23629 23646 23577 23548 23656 23702 23705
23716 23636 23668 23610 23575 23545 23590 23594 23660 23649 23661 23709 23653 23653 23713 23709 23739 23736 23735 23689 23676 23534 23350 23233 23060 23055 23006 23052 23090 23170 23269 23355 23477 23506 23422 23412 23394 23365 23353 23349 23323 23342 23320 23343 23351 23405 23425 23466 23526 23459 23445 23529 23569 23616 23565 23582 23581 23579 23585 23558
23529 23499 23500 23447 23472 23520 23480 23443 23404 23338 23350 23304 23255 23288 23279 23267 23228 23262 23340 23339 23337 23345 23286 23309 23311 23315 23365 23368 23411 23441 23427 23395 23378 23310 23262 23262 23229 23272 23284 23293 23333 23293 23217 23177 23206 23168 23137 23206 23179 23115 23142 23248 23304 23307 23336 23364 23400 23355 23400 23394
23449 23518 23528 23564 23477 23545 23563 23593 23593 23544 23588 23511 23488 23465 23416 23426 23479 23445 23417 23463 23406 23427 23431 23444 23480 23405 23340 23351 23338 23364 23380 23380 23353 23269 23309 23289 23283 23260 23296 23365 23384 23366 23319 23374 23323 23395 23453 23503 23657 23800 23826 23834 23800 23773 23664 23621 23530 23432 23350 23330
23330 23247 23159 23157 23114 23088 23087 23071 23162 23209 23209 23269 23254 23299 23309 23393 23447 23450 23281 23199 23140 22991 22861 22793 22804 22851 23016 23220 23336 23423 23432 23374 23286 23321 23292 23308 23370 23381 23412 23322 23361 23273 23333 23373 23334 23374 23350 23339 23305 23320 23265 23255 23267 23170 23235 23239 23243 23260 23268 23329
23358 23347 23338 23298 23260 23294 23241 23212 23276 23281 23299 23404 23386 23410 23364 23420 23383 23320 23347 23347 23220 23163 23236 23257 23217 23212 23224 23291 23311 23249 23279 23277 23236 23179 23214 23184 23262 23267 23312 23343 23293 23293 23272 23264 23291 23283 23357 23285 23346 23279 23267 23294 23279 23234 23224 23214 23263 23277 23302 23285
23194 23244 23259 23313 23251 23213 23129 23147 23158 23159 23190 23287 23331 23356 23362 23432 23477 23452 23455 23479 23487 23564 23547 23503 23463 23451 23640 23784 23896 23958 24055 24078 24059 24038 23935 23849 23826 23808 23766 23679 23702 23654 23669 23676 23672 23660 23682 23743 23551 23472 23415 23549 23486 23526 23577 23552 23619 23673 23647 23726
23751 23825 23812 23692 23723 23752 23789 23777 23837 23792 23665 23668 23602 23517 23464 23503 23518 23577 23588 23599 23598 23574 23517 23559 23591 23610 23532 23537 23470 23470 23320 23207 23047 22957 22992 22941 23014 23135 23212 23355 23498 23603 23566 23477 23373 23394 23337 23290 23322 23256 23247 23335 23329 23356 23386 23321 23351 23345 23336 23308
23253 23207 23155 23131 23078 22989 23041 23061 23027 23003 23057 22969 22935 22960 22942 22948 23019 22962 22934 23022 22993 23000 23076 23141 23121 23067 23030 23015 23046 23103 23072 23047 23092 23060 23063 23021 23114 23175 23234 23260 23286 23351 23316 23387 23341 23301 23360 23322 23312 23344 23347 23413 23416 23307 23310 23272 23263 23198 23231 23279
23270 23262 23299 23326 23381 23396 23379 23442 23439 23393 23402 23449 23546 23458 23382 23376 23327 23372 23446 23316 23437 23507 23594 23576 23500 23551 23561 23540 23512 23552 23546 23536 23523 23531 23549 23530 23594 23516 23468 23438 23476 23568 23715 23786 23916 24072 24202 24290 24329 24297 24186 24212 24137 23966 23796 23682 23685 23752 23760 23697
23586 23555 23618 23627 23532 23550 23560 23635 23666 23705 23673 23716 23711 23749 23735 23747 23766 23604 23457 23360 23287 23249 23222 23195 23279 23322 23442 23534 23659 23752 23769 23706 23706 23695 23678 23765 23749 23724 23691 23671 23636 23649 23674 23729 23620 23557 23593 23567 23585 23521 23555 23609 23596 23530 23549 23560 23537 23537 23476 23434
23353 23319 23319 23319 23393 23393 23475 23507 23523 23566 23570 23609 23566 23548 23502 23492 23608 23570 23571 23630 23599 23613 23578 23557 23605 23563 23615 23593 23640 23638 23712 23711 23722 23747 23683 23715 23707 23739 23638 23647 23562 23606 23641 23708 23760 23788 23899 23935 23888 23932 23965 23965 24041 24090 24139 24148 24138 24150 24239 24306
24317 24406 24398 24375 24433 24365 24402 24475 24494 24551 24528 24566 24653 24658 24747 24728 24731 24779 24838 24787 24771 24834 24859 24739 24765 24808 24789 24762 24651 24689 24685 24657 24575 24568 24518 24474 24511 24477 24519 24578 24639 24736 24767 24953 24969 25048 25159 25196 25223 25161 25106 24936 24881 24744 24620 24634 24613 24616 24695 24767
24855 24879 24931 24895 24903 25025 24952 24938 24858 24870 24866 24838 24776 24812 24840 24841 24748 24770 24715 24687 24654 24650 24708 24792 24772 24807 24798 24872 24791 24821 24847 24807 24753 24824 24803 24853 24891 24835 24862 24914 24936 24954 24938 24805 24623 24594 24524 24420 24428 24451 24429 24448 24564 24698 24840 24844 24824 24823 24815 24821
24866 24906 24948 24979 24917 24920 25005 24990 24946 24946 24889 24858 24812 24835 24835 24833 24823 24884 25033 25050 25074 25045 25049 25075 25003 25024 24992 25007 25008 25017 25017 24991 25064 25115 25144 25165 25104 25174 25180 25160 25141 25085 25117 25136 25176 25233 25177 25225 25289 25200 25234 25237 25230 25241 25299 25273 25153 25137 25228 25297
25237 25365 25391 25541 25686 25766 25775 25764 25765 25705 25587 25480 25295 25343 25320 25280 25305 25145 25242 25271 25242 25272 25334 25212 25185 25201 25183 25150 25109 25187 25170 25200 25151 25153 25151 25107 25110 25117 25154 25208 25244 25346 25337 25369 25279 25316 25350 25236 25283 25266 25262 25213 25114 25137 25174 25155 25120 25113 25157 25150
25227 25296 25308 25301 25368 25357 25429 25447 25489 25468 25388 25342 25380 25368 25432 25322 25345 25329 25250 25147 25121 25149 25216 25181 25225 25252 25234 25233 25285 25236 25200 25176 25180 25051 25111 25173 25228 25284 25354 25391 25389 25358 25265 25219 25094 25023 24926 24915 24882 24963 25118 25254 25430 25580 25550 25542 25505 25535 25575 25462
25491 25515 25514 25597 25629 25688 25665 25737 25658 25644 25616 25638 25627 25649 25716 25737 25660 25651 25638 25734 25786 25797 25658 25648 25589 25621 25574 25528 25463 25431 25407 25389 25404 25444 25520 25530 25454 25441 25410 25480 25482 25546 25649 25687 25671 25677 25669 25723 25715 25662 25635 25607 25670 25757 25802 25804 25871 25924 25940 25974
25981 25999 26107 26072 26032 25981 25911 25956 25945 25974 26044 26010 26029 26009 25986 26018 25960 25952 25895 25868 25927 25954 25931 25870 25891 25874 25873 25883 25879 25837 25827 25819 25798 25836 25776 25741 25788 25948 26087 26176 26209 26239 26199 26093 25945 25901 25755 25601 25656 25662 25641 25706 25752 25766 25667 25745 25698 25735 25656 25640
25613 25638 25599 25611 25626 25545 25618 25612 25567 25516 25558 25619 25637 25697 25804 25861 25941 26015 26089 26182 26262 26280 26290 26262 26331 26296 26277 26192 26043 26013 26001 25916 25980 25987 26090 26178 26279 26411 26561 26577 26553 26567 26499 26569 26689 26654 26759 26718 26740 26671 26637 26656 26729 26728 26728 26695 26717 26651 26705 26678
26677 26728 26774 26694 26639 26575 26644 26684 26582 26570 26591 26643 26628 26602 26570 26517 26530 26464 26457 26411 26393 26369 26485 26508 26448 26446 26463 26412 26378 26357 26368 26399 26377 26329 26359 26353 26369 26353 26441 26392 26349 26296 26348 26365 26409 26365 26316 26295 26303 26359 26352 26327 26307 26242 26206 26187 26250 26238 26215 26234
26243 26236 26229 26311 26311 26349 26427 26433 26411 26357 26394 26540 26661 26849 27020 26970 27007 26971 26930 26909 26793 26630 26497 26424 26429 26273 26295 26241 26231 26219 26232 26245 26213 26203 26184 26230 26229 26284 26326 26310 26341 26335 26335 26417 26392 26411 26346 26283 26225 26214 26206 26272 26330 26372 26372 26347 26390 26461 26475 26535
26551 26680 26674 26694 26716 26704 26769 26815 26791 26795 26895 26867 26786 26737 26699 26776 26729 26728 26749 26733 26738 26746 26764 26765 26817 26800 26891 26918 26926 26875 26809 26860 26934 26954 26980 27036 26872 26794 26643 26542 26457 26455 26435 26463 26545 26590 26676 26729 26725 26678 26757 26697 26763 26714 26709 26738 26726 26731 26755 26770
26799 26791 26688 26709 26763 26767 26746 26686 26743 26730 26770 26748 26700 26657 26691 26650 26644 26682 26641 26605 26631 26649 26634 26634 26625 26704 26632 26664 26796 26825 26845 26747 26767 26801 26846 26846 26799 26770 26759 26836 26804 26762 26814 26737 26767 26684 26708 26673 26775 26708 26698 26767 26798 26781 26804 26822 26819 26810 26824 26809
26790 26804 26876 26887 26935 26935 26866 26918 26892 26886 26909 26880 26842 26933 26928 26895 26900 26877 26834 26817 26817 26840 26904 26938 26952 26909 26946 26972 26966 27012 26971 26951 27021 27064 27116 27121 27143 27137 27211 27267 27299 27301 27247 27240 27263 27231 27357 27411 27521 27585 27701 27768 27797 27744 27651 27622 27493 27440 27401 27430
27481 27457 27544 27565 27619 27658 27628 27587 27668 27692 27673 27710 27759 27748 27779 27799 27783 27745 27818 27862 27887 27963 27940 27972 28001 27979 27916 27989 27955 27938 27925 27947 27904 27900 27895 27914 27855 27838 27887 27965 27943 28014 28012 28071 28013 28132 28171 28096 27938 27765 27773 27735 27743 27749 27800 27895 27988 28117 28220 28215
28192 28139 28115 28147 28159 28131 28094 28122 28080 28080 28103 28108 28114 28085 28033 28065 28065 28117 28060 28075 28111 28116 28197 28182 28150 28100 28154 28159 28150 28203 28220 28197 28225 28301 28305 28336 28289 28302 28262 28274 28363 28283 28240 28222 28160 28138 28172 28198 28245 28227 28232 28285 28402 28344 28354 28397 28420 28426 28476 28582
28624 28571 28594 28609 28607 28509 28491 28443 28417 28393 28343 28358 28305 28462 28603 28698 28897 29076 29080 29048 29042 28952 28808 28740 28653 28715 28688 28694 28702 28740 28807 28799 28849 28906 28817 28824 28776 28775 28818 28833 28931 28917 28957 29004 28885 28898 28969 29028 29021 29010 29105 29084 29091 29101 29161 29228 29270 29265 29267 29224
29278 29301 29299 29260 29319 29298 29335 29301 29163 29200 29216 29335 29230 29105 28972 28969 28884 28838 28800 28858 28887 28970 29064 29180 29159 29224 29189 29202 29235 29305 29343 29429 29449 29426 29378 29366 29419 29507 29502 29506 29602 29649 29639 29697 29636 29645 29662 29718 29748 29709 29784 29806 29810 29845 29735 29756 29781 29799 29869 29904
29904 29942 29910 29917 29957 29997 30000 30034 30039 30081 30066 30157 30164 30169 30233 30123 30075 30026 30052 29973 29973 29909 29926 29926 29853 29862 29838 29833 29826 29841 29796 29743 29874 29930 29936 29908 29898 29958 29912 29872 29833 29846 29820 29889 29841 29861 29785 29792 29798 29931 29987 29963 29982 30015 30029 30005 30015 30026 30098 30121
30111 30211 30310 30278 30294 30348 30387 30324 30415 30460 30455 30583 30567 30566 30619 30729 30721 30665 30761 30820 30804 30844 30826 30841 30906 31007 31033 31188 31300 31454 31501 31583 31643 31641 31663 31564 31400 31290 31207 31202 31187 31282 31328 31378 31468 31417 31461 31343 31368 31368 31338 31281 31341 31315 31309 31301 31309 31356 31351 31414
31417 31430 31460 31478 31503 31465 31481 31481 31471 31527 31584 31730 31694 31580 31373 31259 31212 31121 31031 31069 31121 31181 31315 31424 31498 31416 31402 31371 31381 31348 31238 31215 31152 31237 31337 31420 31463 31525 31571 31570 31462 31482 31490 31558 31662 31651 31746 31661 31678 31805 31726 31709 31739 31674 31744 31733 31668 31615 31613 31612
31577 31621 31659 31714 31661 31693 31675 31802 31822 31788 31835 31770 31730 31744 31715 31761 31651 31608 31578 31619 31601 31586 31638 31610 31522 31548 31585 31639 31646 31666 31690 31666 31655 31587 31640 31664 31682 31678 31642 31610 31597 31598 31500 31558 31655 31649 31734 31735 31778 31847 31811 31879 31844 31763 31783 31739 31760 31928 31911 31906
31977 32003 32012 32011 32033 32033 32008 32098 32126 32215 32315 32508 32612 32692 32683 32637 32615 32540 32460 32357 32243 32061 32018 32036 32074 32097 32113 32071 32098 32064 32056 31987 32108 32082 32186 32211 32206 32246 32196 32289 32267 32283 32283 32274 32263 32300 32228 32211 32280 32266 32293 32363 32321 32247 32267 32280 32222 32226 32237 32277
32379 32403 32488 32495 32521 32562 32567 32545 32512 32558 32476 32489 32437 32437 32378 32290 32329 32421 32410 32455 32408 32361 32416 32460 32533 32494 32455 32424 32427 32461 32327 32166 32082 32064 32017 32050 32054 32044 32212 32398 32558 32756 32708 32718 32708 32638 32615 32599 32623 32636 32746 32763 32730 32726 32773 32813 32811 32840 32845 32812
32915 32927 32901 32972 33020 32997 32997 33037 33071 33082 33099 33107 33091 33081 33057 33069 33076 33088 33046 33019 33002 33052 33018 33029 33080 33157 33075 33138 33196 33178 33132 33092 33051 33053 33082 33093 33141 33107 33140 33160 33166 33082 33192 33209 33242 33221 33205 33160 33218 33219 33205 33250 33247 33246 33300 33247 33317 33248 33299 33330
33342 33334 33381 33355 33358 33473 33599 33680 33720 33902 33901 33890 33805 33734 33629 33528 33380 33335 33348 33401 33532 33489 33585 33636 33625 33689 33742 33662 33665 33760 33803 33850 33862 33827 33786 33817 33818 33894 33910 33910 33901 33944 33871 33809 33841 33829 33799 33874 33877 33905 33918 33948 33988 33922 33987 34117 34057 34137 34183 34169
34232 34145 34061 34018 33995 34033 33992 33934 33943 33763 33622 33571 33455 33346 33292 33329 33304 33378 33438 33558 33640 33740 33769 33789 33777 33808 33832 33821 33749 33740 33838 33854 33896 33940 33871 33837 33738 33800 33819 33808 33808 33811 33830 33844 33810 33848 33913 33896 33822 33766 33839 33774 33805 33873 34010 34025 34046 34057 34004 34008
34035 34102 34121 34164 34207 34164 34150 34263 34240 34144 34105 34127 34129 34138 34121 34071 34071 34082 34090 34049 33997 34013 33990 33976 34001 33898 33886 33903 33984 34028 34019 33977 34015 33877 33909 33896 33877 33857 33857 33872 33941 33974 33972 33925 33987 33912 33958 34037 34041 34058 34060 34134 34152 34159 34156 34107 34097 34086 34112 34115
34116 34152 34253 34453 34387 34463 34438 34406 34327 34345 34388 34349 34311 34376 34377 34344 34307 34343 34347 34374 34279 34314 34318 34287 34309 34262 34205 34233 34258 34194 34252 34329 34231 34269 34334 34375 34418 34559 34597 34697 34635 34610 34550 34527 34498 34519 34637 34806 34938 34999 35008 35076 35143 35059 34992 34867 34758 34555 34586 34547
34554 34521 34552 34552 34646 34604 34562 34539 34536 34525 34590 34668 34689 34731 34683 34762 34708 34656 34623 34682 34719 34699 34674 34654 34673 34712 34707 34746 34825 34802 34751 34869 34863 34895 34889 34891 34899 34864 34880 34780 34793 34787 34811 34811 34688 34577 34441 34300 34251 34288 34312 34361 34384 34393 34516 34761 34783 34836 34967 34973
34920 34933 34902 34928 34866 34797 34807 34813 34823 34768 34727 34763 34797 34766 34848 34843 34819 34847 34863 34847 34816 34834 34924 34924 35008 35034 35127 35111 35012 35039 35104 35159 35148 35118 35218 35342 35449 35486 35476 35556 35595 35648 35614 35661 35667 35657 35709 35689 35665 35664 35663 35662 35663 35623 35649 35701 35743 35847 35848 35875
35894 35878 35979 35839 35843 35990 36168 36328 36429 36512 36471 36453 36394 36357 36281 36173 36026 36005 35975 35915 35968 36018 36024 36055 36027 36022 36080 36140 36141 36175 36302 36242 36335 36366 36315 36288 36288 36293 36241 36271 36220 36188 36121 36096 36087 35944 35933 35895 35941 35998 36011 36013 36042 36026 35987 35977 35980 36006 36024 36068
36062 36106 36139 36151 36105 36032 36062 36062 36051 36119 36185 36160 36226 36329 36286 36316 36314 36278 36236 36242 36301 36336 36339 36280 36246 36243 36232 36260 36295 36247 36217 36150 36183 36319 36305 36290 36313 36288 36282 36283 36237 36254 36228 36173 36044 35869 35845 35766 35782 35808 35845 35958 36095 36313 36504 36490 36450 36431 36406 36474
36520 36529 36579 36567 36547 36519 36559 36601 36644 36646 36710 36793 36892 36870 36931 36931 36954 36927 36921 36896 36884 36902 36881 36762 36815 36877 36951 36982 36946 37018 36979 37083 37136 37102 37187 37229 37221 37194 37181 37215 37222 37206 37080 37017 37070 37027 37040 37082 37160 37233 37167 37175 37183 37233 37291 37365 37322 37233 37279 37217
37162 37167 37145 37208 37297 37414 37429 37542 37586 37616 37566 37559 37501 37459 37350 37312 37332 37332 37378 37349 37284 37337 37338 37347 37349 37439 37356 37260 37263 37165 37143 37063 37073 37082 37086 37060 36999 37068 36947 36889 36890 36908 36807 36776 36664 36717 36731 36714 36743 36757 36833 36911 36860 36816 36720 36741 36740 36720 36686 36693
36723 36665 36635 36614 36603 36566 36552 36570 36516 36579 36658 36726 36742 36743 36742 36680 36687 36685 36697 36685 36663 36596 36586 36531 36533 36503 36637 36705 36771 36815 36783 36663 36561 36509 36512 36534 36531 36590 36566 36620 36702 36769 36871 36883 36907 36993 36954 36988 36988 36964 36952 36889 36884 36906 36901 36929 36921 36993 37090 37072
37129 37225 37255 37224 37241 37224 37277 37374 37391 37331 37409 37450 37460 37485 37528 37501 37511 37573 37624 37668 37642 37621 37655 37713 37784 37757 37763 37803 37791 37782 37781 37782 37783 37798 37811 37800 37800 37800 37683 37700 37807 37825 37810 37826 37781 37746 37698 37626 37671 37622 37653 37686 37664 37595 37616 37602 37568 37605 37563 37508
37533 37460 37462 37490 37565 37707 37734 37765 37752 37761 37867 37882 37953 37931 37922 37965 38011 37954 37967 38081 38101 38179 38185 38187 38209 38175 38221 38288 38269 38322 38360 38416 38425 38391 38371 38490 38589 38670 38784 38828 38806 38779 38799 38681 38575 38484 38326 38364 38347 38417 38345 38433 38523 38516 38519 38563 38616 38754 38740 38712
38797 38863 38983 38976 38919 38899 38856 38833 38888 38903 38840 38911 38829 38899 38867 38687 38567 38451 38381 38384 38374 38440 38531 38548 38768 38890 39010 38926 38920 38938 38980 39083 39166 39175 39202 39115 39123 39042 38990 38966 39010 39036 39135 39136 39119 39091 39045 39007 38925 38964 39035 39012 38988 39012 39050 39016 38958 38883 38939 38915
39002 39051 39061 39054 39058 39130 39097 39078 39075 39217 39171 39172 39114 39086 39103 39134 39173 39184 39245 39203 39266 39209 39232 39264 39317 39337 39291 39278 39332 39303 39253 39217 39213 39236 39236 39274 39336 39442 39454 39576 39520 39477 39519 39589 39667 39778 39760 39802 39858 39786 39903 39969 40010 40132 40101 40110 40109 40109 40155 40182
40197 40178 40042 40105 40128 40128 40200 40271 40298 40444 40563 40670 40707 40814 40899 40788 40847 40769 40717 40636 40498 40500 40544 40681 40749 40846 40906 40965 40977 41061 40994 40943 41014 40962 40923 40940 40861 40853 40931 41054 41007 41087 41073 41106 41160 41246 41190 41155 41137 41047 41100 41045 41050 41122 41160 41222 41172 41228 41238 41204
41289 41189 41154 41088 41075 41148 41136 41151 41160 41201 41120 41190 41216 41263 41247 41363 41426 41382 41352 41383 41413 41358 41332 41421 41428 41444 41354 41404 41390 41488 41458 41487 41491 41490 41522 41569 41596 41646 41655 41729 41786 41829 41851 41879 41859 41877 41789 41706 41563 41489 41477 41427 41487 41504 41546 41662 41872 41941 41943 41969
41939 41926 41856 41822 41806 41790 41815 41790 41754 41808 41912 41871 41832 41795 41778 41772 41742 41764 41733 41827 41887 41852 41866 41871 41809 41726 41735 41645 41603 41578 41607 41622 41646 41690 41697 41797 41721 41748 41778 41860 41819 41809 41775 41736 41753 41877 41884 41858 41874 41870 41856 41881 41872 41936 41883 41960 42023 42088 42129 42155
42162 42111 42197 42202 42198 42245 42244 42257 42357 42474 42582 42633 42731 42659 42617 42666 42597 42581 42412 42249 42277 42222 42253 42294 42327 42274 42318 42292 42292 42355 42422 42463 42483 42509 42540 42477 42494 42536 42559 42521 42443 42452 42534 42589 42607 42620 42644 42594 42662 42738 42733 42697 42664 42624 42623 42695 42707 42752 42802 42743
42817 42848 42806 42850 42847 42898 42799 42828 42859 42826 42781 42790 42891 42899 42928 42976 42919 42893 42836 42883 42872 42767 42874 42959 42955 42939 42853 42870 42775 42847 42749 42728 42713 42648 42639 42631 42608 42636 42789 42851 42799 42647 42580 42602 42460 42448 42488 42523 42619 42723 42830 42953 42919 42934 42916 42833 42831 42929 42997 42953
42885 42919 42943 42892 42936 42953 42957 43074 43106 43189 43155 43109 43162 43182 43153 43091 43082 43099 43028 43030 43056 43051 43056 43010 43042 43029 43018 43000 42969 42920 42902 42894 42931 42892 42937 42867 42853 42867 42898 42877 42924 42905 42942 42968 43014 43034 43111 43135 43024 43048 43063 43045 43076 43038 43033 43043 42988 42979 42951 43007
42953 42874 42806 42869 42913 42920 42886 42921 42928 42843 42747 42750 42711 42768 42759 42798 42759 42740 42776 42790 42837 42826 42908 43110 43274 43405 43498 43524 43573 43560 43503 43443 43319 43253 43203 43252 43182 43183 43102 43092 43085 43129 43078 43051 43076 43057 43004 43066 43032 43003 42973 42977 42974 43067 43117 43102 43045 43083 43123 43181
43192 43265 43200 43146 43219 43185 43184 43171 43161 43060 43026 43142 43107 43127 43114 43057 42994 42988 43010 42903 42875 42789 42768 42791 42816 42822 42820 42809 42751 42817 42868 42902 42920 42942 42967 42967 42996 42980 42979 42903 42939 43076 43151 43214 43184 43221 43116 43068 43030 42880 42775 42805 42680 42735 42848 42915 43065 43176 43301 43267
43289 43350 43364 43399 43377 43440 43484 43492 43517 43545 43476 43529 43549 43602 43617 43685 43750 43822 43868 43886 43892 43771 43727 43861 43837 43914 43929 43817 43853 43799 43694 43832 43822 43882 43799 43802 43800 43932 43967 43972 44069 44073 44020 44026 43967 43984 43995 44020 44008 44037 44115 44061 44145 44085 44083 43974 44078 44086 44120 44177
44199 44127 44213 44194 44248 44242 44205 44322 44358 44533 44559 44503 44456 44424 44366 44292 44203 44097 43998 44003 44009 43936 43846 43679 43597 43666 43636 43666 43618 43621 43656 43707 43702 43702 43702 43750 43763 43701 43659 43680 43758 43787 43748 43741 43791 43816 43780 43841 43937 44001 43974 43957 43952 44009 43972 43952 43943 43955 43968 43948
43899 43947 43873 43869 43905 43869 43890 43871 43942 43962 43941 43943 43945 43874 43919 43865 43850 43848 43871 43874 43865 43819 43800 43747 43776 43751 43705 43693 43654 43591 43583 43610 43636 43673 43655 43665 43639 43587 43697 43712 43732 43734 43756 43612 43451 43353 43309 43305 43286 43284 43300 43431 43523 43655 43814 43846 43888 43815 43755 43708
43684 43687 43677 43742 43762 43718 43751 43641 43618 43648 43645 43611 43666 43675 43672 43706 43737 43776 43714 43756 43779 43810 43795 43753 43842 43947 43931 43924 43958 43968 44012 43940 43931 43854 43846 43828 43867 43880 43858 43830 43760 43880 43904 43970 44006 44063 44077 43965 43956 43936 43928 43894 43853 43882 43857 43776 43752 43738 43738 43754
43728 43771 43864 44009 44077 44110 44193 44263 44275 44291 44173 44096 43994 43827 43814 43803 43810 43864 43907 43857 43734 43770 43802 43844 43911 44001 44104 44143 44195 44231 44232 44232 44222 44189 44154 44091 44073 44065 44122 44156 44222 44171 44273 44238 44214 44220 44243 44359 44375 44302 44355 44274 44287 44259 44231 44236 44201 44216 44226 44266
44300 44277 44311 44281 44337 44355 44388 44379 44438 44425 44326 44361 44344 44242 44289 44308 44323 44350 44396 44308 44335 44295 44325 44258 44079 44112 44025 43996 43978 43994 44081 44199 44323 44356 44472 44442 44501 44479 44519 44538 44578 44620 44625 44560 44603 44567 44592 44636 44728 44782 44796 44745 44767 44772 44752 44701 44650 44739 44752 44791
44873 44920 44868 44872 44750 44776 44863 44829 44857 44880 44842 44916 45024 45031 45115 45212 45216 45107 45093 45065 45178 45166 45148 45105 45089 45114 45047 44975 44987 44926 44948 44947 44944 44957 44949 44997 44979 44966 44965 45041 45089 45137 45141 45109 45063 45037 45149 45214 45314 45273 45306 45333 45330 45294 45314 45307 45247 45210 45186 45171
45073 45057 45057 45067 45115 45089 45155 45174 45189 45169 45149 45172 45172 45168 45107 45165 45293 45303 45498 45703 45793 45857 45928 45973 46041 45973 45903 45818 45744 45704 45628 45621 45548 45613 45581 45542 45579 45466 45485 45566 45583 45609 45666 45712 45697 45725 45649 45629 45630 45651 45693 45755 45725 45802 45810 45793 45746 45664 45675 45659
45631 45535 45521 45490 45525 45566 45477 45474 45406 45376 45448 45537 45506 45461 45513 45470 45454 45513 45567 45618 45453 45417 45371 45339 45246 45220 45197 45221 45268 45279 45367 45531 45489 45424 45343 45323 45274 45304 45207 45138 45051 45080 45139 45139 45117 45174 45157 45201 45194 45183 45139 45156 45258 45299 45365 45384 45379 45344 45290 45290
45329 45381 45360 45339 45254 45233 45228 45171 45141 45111 45079 45160 45174 45058 45105 45120 45090 45100 45070 45153 45220 45260 45280 45263 45304 45168 45175 45188 45213 45228 45252 45257 45260 45240 45234 45254 45256 45300 45334 45363 45316 45358 45342 45337 45374 45373 45399 45450 45438 45404 45420 45428 45385 45365 45328 45301 45309 45322 45304 45319
45349 45342 45374 45425 45397 45359 45406 45475 45529 45564 45543 45620 45673 45734 45813 45832 45817 45889 45875 45933 45977 46039 46131 46168 46131 46170 46168 46135 46125 46097 46078 46037 46166 46298 46375 46417 46484 46436 46483 46419 46439 46321 46170 46048 46057 46039 46099 46074 46101 46138 46123 46187 46083 46032 46024 46160 46176 46188 46198 46204
46178 46253 46218 46218 46240 46182 46195 46221 46204 46231 46231 46273 46277 46222 46208 46146 46028 45958 46035 45979 45979 45970 46042 46037 46089 46040 46111 46124 45997 45919 45852 45779 45753 45818 45917 45930 46088 46224 46342 46579 46578 46673 46711 46695 46722 46663 46647 46717 46834 46909 46888 46859 46921 46890 46868 46831 46864 46912 46927 46858
46897 46936 47002 47006 47006 46976 47005 46984 47045 47102 47080 47259 47254 47249 47233 47256 47303 47264 47262 47244 47292 47261 47167 47188 47119 47098 47176 47156 47180 47239 47220 47203 47243 47298 47303 47356 47339 47357 47353 47341 47434 47388 47439 47369 47381 47342 47303 47349 47398 47495 47495 47581 47591 47686 47781 47815 47866 47873 47869 47772
47774 47805 47825 47852 47871 47886 47922 47916 47858 47923 47966 48059 48121 48158 48281 48304 48304 48313 48325 48186 48108 48032 47849 47856 47716 47709 47724 47763 47791 47727 47756 47694 47619 47627 47581 47668 47645 47611 47717 47738 47757 47775 47790 47783 47734 47740 47767 47854 47872 47876 47845 47860 47862 47887 47875 47876 47917 47917 47945 47909
47915 47871 47903 47903 47900 47903 47925 47907 47941 47973 47859 47692 47564 47510 47414 47412 47381 47450 47602 47689 47872 47987 47974 48032 47973 48043 48127 48176 48156 48200 48245 48350 48394 48387 48399 48445 48377 48409 48432 48407 48413 48521 48485 48447 48497 48510 48502 48456 48464 48560 48511 48586 48592 48626 48619 48629 48657 48742 48705 48687
48801 48877 48838 48876 48918 48953 48848 48792 48823 48823 48864 48814 48740 48762 48711 48748 48679 48607 48538 48595 48588 48566 48576 48619 48578 48527 48555 48595 48647 48623 48669 48644 48754 48766 48822 48900 48924 48969 48965 48956 48948 48946 48949 48987 48929 48892 48856 48858 48886 48941 48819 48823 48935 48925 48927 48906 48969 49089 48976 48958
48902 48867 48941 48876 48847 48826 48831 48983 49184 49256 49343 49429 49370 49350 49307 49200 49169 49106 48955 48998 49067 49080 49069 49083 49002 49016 48963 48957 48965 48979 48987 49004 48968 48940 49009 48957 48865 48879 48812 48847 48890 48878 48829 48783 48734 48734 48739 48746 48711 48699 48763 48739 48825 48706 48795 48690 48617 48631 48622 48577
48650 48677 48649 48676 48629 48603 48534 48604 48666 48691 48766 48751 48766 48745 48724 48677 48696 48646 48628 48661 48630 48565 48549 48566 48530 48559 48544 48644 48664 48729 48671 48741 48788 48792 48686 48760 48693 48759 48811 48749 48771 48751 48594 48451 48343 48279 48251 48225 48318 48412 48547 48621 48790 48951 48949 48993 48939 48980 49119 49158
49157 49159 49127 49095 49028 49091 49124 49127 49021 49066 49187 49177 49158 49239 49229 49185 49189 49177 49210 49126 49163 49182 49189 49223 49198 49211 49138 49179 49146 49133 49066 49044 49004 49053 49002 48952 49083 49078 49096 49048 49072 49092 49160 49184 49301 49261 49346 49297 49321 49346 49462 49442 49378 49364 49476 49420 49405 49432 49498 49531
49527 49542 49520 49534 49595 49583 49633 49615 49647 49667 49606 49751 49897 50021 50106 50182 50177 50277 50263 50156 50015 49876 49657 49756 49792 49787 49766 49760 49774 49858 49896 49913 49878 49802 49808 49793 49773 49746 49714 49626 49575 49558 49513 49581 49673 49660 49649 49708 49687 49670 49643 49667 49644 49641 49696 49691 49667 49619 49635 49576
49529 49603 49692 49590 49568 49621 49580 49569 49618 49647 49592 49508 49480 49459 49525 49475 49413 49485 49485 49495 49537 49491 49478 49597 49712 49689 49689 49719 49609 49540 49481 49483 49377 49382 49310 49250 49242 49201 49188 49120 49121 49129 49130 49142 49159 49255 49177 49024 48969 48925 48873 48946 48975 49149 49254 49363 49404 49626 49626 49600
